1093
2 3 4
1 5 6 7
1 8 9 10
1 11 12 13
2 14 15 16
2 17 18 19
2 20 21 22
3 23 24 25
3 26 27 28
3 29 30 31
4 32 33 34
4 35 36 37
4 38 39 40
5 41 42 43
5 44 45 46
5 47 48 49
6 50 51 52
6 53 54 55
6 56 57 58
7 59 60 61
7 62 63 64
7 65 66 67
8 68 69 70
8 71 72 73
8 74 75 76
9 77 78 79
9 80 81 82
9 83 84 85
10 86 87 88
10 89 90 91
10 92 93 94
11 95 96 97
11 98 99 100
11 101 102 103
12 104 105 106
12 107 108 109
12 110 111 112
13 113 114 115
13 116 117 118
13 119 120 121
14 122 123 124
14 125 126 127
14 128 129 130
15 131 132 133
15 134 135 136
15 137 138 139
16 140 141 142
16 143 144 145
16 146 147 148
17 149 150 151
17 152 153 154
17 155 156 157
18 158 159 160
18 161 162 163
18 164 165 166
19 167 168 169
19 170 171 172
19 173 174 175
20 176 177 178
20 179 180 181
20 182 183 184
21 185 186 187
21 188 189 190
21 191 192 193
22 194 195 196
22 197 198 199
22 200 201 202
23 203 204 205
23 206 207 208
23 209 210 211
24 212 213 214
24 215 216 217
24 218 219 220
25 221 222 223
25 224 225 226
25 227 228 229
26 230 231 232
26 233 234 235
26 236 237 238
27 239 240 241
27 242 243 244
27 245 246 247
28 248 249 250
28 251 252 253
28 254 255 256
29 257 258 259
29 260 261 262
29 263 264 265
30 266 267 268
30 269 270 271
30 272 273 274
31 275 276 277
31 278 279 280
31 281 282 283
32 284 285 286
32 287 288 289
32 290 291 292
33 293 294 295
33 296 297 298
33 299 300 301
34 302 303 304
34 305 306 307
34 308 309 310
35 311 312 313
35 314 315 316
35 317 318 319
36 320 321 322
36 323 324 325
36 326 327 328
37 329 330 331
37 332 333 334
37 335 336 337
38 338 339 340
38 341 342 343
38 344 345 346
39 347 348 349
39 350 351 352
39 353 354 355
40 356 357 358
40 359 360 361
40 362 363 364
41 365 366 367
41 368 369 370
41 371 372 373
42 374 375 376
42 377 378 379
42 380 381 382
43 383 384 385
43 386 387 388
43 389 390 391
44 392 393 394
44 395 396 397
44 398 399 400
45 401 402 403
45 404 405 406
45 407 408 409
46 410 411 412
46 413 414 415
46 416 417 418
47 419 420 421
47 422 423 424
47 425 426 427
48 428 429 430
48 431 432 433
48 434 435 436
49 437 438 439
49 440 441 442
49 443 444 445
50 446 447 448
50 449 450 451
50 452 453 454
51 455 456 457
51 458 459 460
51 461 462 463
52 464 465 466
52 467 468 469
52 470 471 472
53 473 474 475
53 476 477 478
53 479 480 481
54 482 483 484
54 485 486 487
54 488 489 490
55 491 492 493
55 494 495 496
55 497 498 499
56 500 501 502
56 503 504 505
56 506 507 508
57 509 510 511
57 512 513 514
57 515 516 517
58 518 519 520
58 521 522 523
58 524 525 526
59 527 528 529
59 530 531 532
59 533 534 535
60 536 537 538
60 539 540 541
60 542 543 544
61 545 546 547
61 548 549 550
61 551 552 553
62 554 555 556
62 557 558 559
62 560 561 562
63 563 564 565
63 566 567 568
63 569 570 571
64 572 573 574
64 575 576 577
64 578 579 580
65 581 582 583
65 584 585 586
65 587 588 589
66 590 591 592
66 593 594 595
66 596 597 598
67 599 600 601
67 602 603 604
67 605 606 607
68 608 609 610
68 611 612 613
68 614 615 616
69 617 618 619
69 620 621 622
69 623 624 625
70 626 627 628
70 629 630 631
70 632 633 634
71 635 636 637
71 638 639 640
71 641 642 643
72 644 645 646
72 647 648 649
72 650 651 652
73 653 654 655
73 656 657 658
73 659 660 661
74 662 663 664
74 665 666 667
74 668 669 670
75 671 672 673
75 674 675 676
75 677 678 679
76 680 681 682
76 683 684 685
76 686 687 688
77 689 690 691
77 692 693 694
77 695 696 697
78 698 699 700
78 701 702 703
78 704 705 706
79 707 708 709
79 710 711 712
79 713 714 715
80 716 717 718
80 719 720 721
80 722 723 724
81 725 726 727
81 728 729 730
81 731 732 733
82 734 735 736
82 737 738 739
82 740 741 742
83 743 744 745
83 746 747 748
83 749 750 751
84 752 753 754
84 755 756 757
84 758 759 760
85 761 762 763
85 764 765 766
85 767 768 769
86 770 771 772
86 773 774 775
86 776 777 778
87 779 780 781
87 782 783 784
87 785 786 787
88 788 789 790
88 791 792 793
88 794 795 796
89 797 798 799
89 800 801 802
89 803 804 805
90 806 807 808
90 809 810 811
90 812 813 814
91 815 816 817
91 818 819 820
91 821 822 823
92 824 825 826
92 827 828 829
92 830 831 832
93 833 834 835
93 836 837 838
93 839 840 841
94 842 843 844
94 845 846 847
94 848 849 850
95 851 852 853
95 854 855 856
95 857 858 859
96 860 861 862
96 863 864 865
96 866 867 868
97 869 870 871
97 872 873 874
97 875 876 877
98 878 879 880
98 881 882 883
98 884 885 886
99 887 888 889
99 890 891 892
99 893 894 895
100 896 897 898
100 899 900 901
100 902 903 904
101 905 906 907
101 908 909 910
101 911 912 913
102 914 915 916
102 917 918 919
102 920 921 922
103 923 924 925
103 926 927 928
103 929 930 931
104 932 933 934
104 935 936 937
104 938 939 940
105 941 942 943
105 944 945 946
105 947 948 949
106 950 951 952
106 953 954 955
106 956 957 958
107 959 960 961
107 962 963 964
107 965 966 967
108 968 969 970
108 971 972 973
108 974 975 976
109 977 978 979
109 980 981 982
109 983 984 985
110 986 987 988
110 989 990 991
110 992 993 994
111 995 996 997
111 998 999 1000
111 1001 1002 1003
112 1004 1005 1006
112 1007 1008 1009
112 1010 1011 1012
113 1013 1014 1015
113 1016 1017 1018
113 1019 1020 1021
114 1022 1023 1024
114 1025 1026 1027
114 1028 1029 1030
115 1031 1032 1033
115 1034 1035 1036
115 1037 1038 1039
116 1040 1041 1042
116 1043 1044 1045
116 1046 1047 1048
117 1049 1050 1051
117 1052 1053 1054
117 1055 1056 1057
118 1058 1059 1060
118 1061 1062 1063
118 1064 1065 1066
119 1067 1068 1069
119 1070 1071 1072
119 1073 1074 1075
120 1076 1077 1078
120 1079 1080 1081
120 1082 1083 1084
121 1085 1086 1087
121 1088 1089 1090
121 1091 1092 1093
122
122
122
123
123
123
124
124
124
125
125
125
126
126
126
127
127
127
128
128
128
129
129
129
130
130
130
131
131
131
132
132
132
133
133
133
134
134
134
135
135
135
136
136
136
137
137
137
138
138
138
139
139
139
140
140
140
141
141
141
142
142
142
143
143
143
144
144
144
145
145
145
146
146
146
147
147
147
148
148
148
149
149
149
150
150
150
151
151
151
152
152
152
153
153
153
154
154
154
155
155
155
156
156
156
157
157
157
158
158
158
159
159
159
160
160
160
161
161
161
162
162
162
163
163
163
164
164
164
165
165
165
166
166
166
167
167
167
168
168
168
169
169
169
170
170
170
171
171
171
172
172
172
173
173
173
174
174
174
175
175
175
176
176
176
177
177
177
178
178
178
179
179
179
180
180
180
181
181
181
182
182
182
183
183
183
184
184
184
185
185
185
186
186
186
187
187
187
188
188
188
189
189
189
190
190
190
191
191
191
192
192
192
193
193
193
194
194
194
195
195
195
196
196
196
197
197
197
198
198
198
199
199
199
200
200
200
201
201
201
202
202
202
203
203
203
204
204
204
205
205
205
206
206
206
207
207
207
208
208
208
209
209
209
210
210
210
211
211
211
212
212
212
213
213
213
214
214
214
215
215
215
216
216
216
217
217
217
218
218
218
219
219
219
220
220
220
221
221
221
222
222
222
223
223
223
224
224
224
225
225
225
226
226
226
227
227
227
228
228
228
229
229
229
230
230
230
231
231
231
232
232
232
233
233
233
234
234
234
235
235
235
236
236
236
237
237
237
238
238
238
239
239
239
240
240
240
241
241
241
242
242
242
243
243
243
244
244
244
245
245
245
246
246
246
247
247
247
248
248
248
249
249
249
250
250
250
251
251
251
252
252
252
253
253
253
254
254
254
255
255
255
256
256
256
257
257
257
258
258
258
259
259
259
260
260
260
261
261
261
262
262
262
263
263
263
264
264
264
265
265
265
266
266
266
267
267
267
268
268
268
269
269
269
270
270
270
271
271
271
272
272
272
273
273
273
274
274
274
275
275
275
276
276
276
277
277
277
278
278
278
279
279
279
280
280
280
281
281
281
282
282
282
283
283
283
284
284
284
285
285
285
286
286
286
287
287
287
288
288
288
289
289
289
290
290
290
291
291
291
292
292
292
293
293
293
294
294
294
295
295
295
296
296
296
297
297
297
298
298
298
299
299
299
300
300
300
301
301
301
302
302
302
303
303
303
304
304
304
305
305
305
306
306
306
307
307
307
308
308
308
309
309
309
310
310
310
311
311
311
312
312
312
313
313
313
314
314
314
315
315
315
316
316
316
317
317
317
318
318
318
319
319
319
320
320
320
321
321
321
322
322
322
323
323
323
324
324
324
325
325
325
326
326
326
327
327
327
328
328
328
329
329
329
330
330
330
331
331
331
332
332
332
333
333
333
334
334
334
335
335
335
336
336
336
337
337
337
338
338
338
339
339
339
340
340
340
341
341
341
342
342
342
343
343
343
344
344
344
345
345
345
346
346
346
347
347
347
348
348
348
349
349
349
350
350
350
351
351
351
352
352
352
353
353
353
354
354
354
355
355
355
356
356
356
357
357
357
358
358
358
359
359
359
360
360
360
361
361
361
362
362
362
363
363
363
364
364
364
