1458
24 595 1143 1392 1405
156 951 1033
459 997
595
27 778
367
284 444 1141
807 819 1128
422 465 688
216
72 154 291 601 626 728 933 1203 1216
81 247 469 626 777 1074 1180 1197 1198 1199 1200
98 433 567 738 1273
329 942
1105
345
567 844 1240 1273 1368
85 114
192
375 623 1067 1195 1240 1361 1362
706
165 202 288 426 810 1115
585
1 152 690 913 1439 1440
166 263 347 472 620 638 784 789 955 1029 1063
36 201
5 121 155 218 685 696 724 756 898 1009 1026 1132 1208 1242 1331 1350 1351 1352 1353 1354 1355 1356 1357 1358 1359
44 969
567
633
542 985
380 439 539 674 757 959
81 777 854
147
633
26 357 627 968
457
806 854
638
147
264 675
147
400 408 464 682 864 1001 1263
28
865 1250
99
458
326 345 562 783 1065 1095
345 997
186
138 1162
103 233 428
355
704 858
784
573 1092
110 267
260 885 1093 1217 1218
567 906
136
595 644 760
567
204 775 828 835 967
192 851 909 1275
136
162 942 1254
72 163 336 461 1168 1432
595
563 1240
147 158 362 1403 1404
282
11 67 163 328 363 426 461 565 632 745 769 899 980 1117 1145 1201 1202 1203
451
844 1406
683 755
615
276 756
756
436
220 223 281 301 490
12 33 169 202 367 495 626 1067 1179 1180 1181 1182
305 585 753 788
148 366 433 522 1165
270
18 184 542 819 820 891 985 1127 1173
807
756
961
286 715 1406
384 563 572 708 819 905
781 908
830 965
819
357
711
367 1231 1232 1261
846
13 112 121 179 186 251 252 266 276 324 513 658 681 731 775 810 913 937 1021 1040 1171 1179 1241 1373 1374 1375 1376 1377 1378 1379
46 367 850
406
147
956
52
430
134
628 819 1451 1452
969
186
606
57 267
956
98 308
131
18
1099
131
147
273
458 638
633
27 98 1036
189 252 280 338 425 471 513 536 849 854 1084 1273 1275
213 844
267 367 953 979 1087
567
155 595 875
332 414
303
215 383 506 532 591 612 1101
134 294 343 567
113 116 154 166 303 386 460 614 678 995 1030
555
648 961
105 130 136 277 290 633 842 853 859 998 1034 1036 1070 1126
147
60 65 134 209 225 266 274 342 396 474 622 633 693 725 886 919 926 998 1137
271
51 294 333 892 1130
258 743 1310
345
226 310 361 489 957
819
750
196
837
301 1227
34 40 42 70 101 117 135 177 195 242 246 253 282 295 297 299 300 312 376 447 478 480 511 531 535 544 547 557 570 589 597 624 677 741 763 797 840 851 852 897 907 910 918 978 981 992 999 1007 1022 1031 1049 1058 1097 1109 1153 1169
83 187 530 1148
379 721
671 1047
472
24 604 819
213 1113
11 131 188 257 358 441 751 758 811 899 1145 1205
27 126
2 1033 1286
712 777 1170
70 1073 1123 1417
199
224 232
450 707
66 391 421 584 901
67 72
755
22 202 448 799
25 131 302 459 661 997 1029
755
281 445
81 367
1113
454 1107
229 304
406
823 1155
861
247
147
961
98 548 750 819 1017
664 844 920 1113
711 793
397
201
85 819
204
50 98 108
148
154 970
122
438 670
361
19 64 317 851 909
333
494 615 1437
147
144 1256
418 429
524
159 262 443 458
398 1435
26 183 929
22 81 165 247 448 810 1074
335 529 1275
63 185 350 567 844 1129
1015 1212
1020
367 1067
345 1212
136
271 541 636 1275
257
243 415 484 538 588 634
123 153 259 355 1381
294 920 1398 1413
129
10 476
647
27 377
819
80 823 834 856 1123 1427
633
259 556 834 844
80 281 301 344 348 387 405 519 905 1410 1421 1422 1423
160 713 861 1235
136
141
595
736 1363 1364
172 339
321 345
779 866 951
160 517 584 710 1259
52 318 603 1029 1042
659 1002 1015 1101
582 1221
603
466
455 652 1130
711 1396
915 965 1394 1395 1396 1397
281 394 638 819 820 870 1080 1156
147 272
212 415 767 964
691
819
147
12 176 202 655 1074 1429
385
638
344
98 301 1026 1064
98 122 513 524 667 777 854 868 979 1056 1130 1193 1233
147 465 676 688 791 819 1015
1124
660 784 804 1047
311 572
154 211 358 563 656 749 776 808 811 818 821 847 881 1043
139
213 222 444 1102 1149
58 543 950
819 1171
199
25 341 638
41 367 1416
800
98 136 1168
57 110 124 367 488 654 937 942 1067 1240 1348 1349
458 1170
451 703
84 483 1054 1081
137 210 327 566 575 580 605 934 1014 1023 1048
242 880
118 410 1064
136
345 1168
77 98 467 643 687
134
287 319 406
361 889 1103
122
80 168 223 241 301 348 486 519 1400 1410
71 147
952
7 898
512 734 823
89 715
278 318 406 432 914 966 1393
22 448 510 518 1115
392 1086
134
11
689
711
130 138 214 615
147
359
147
516
147
147
80 146 223 251 281 405 534 905 1114 1406 1408
166 337 563 638 844 948
128 131 854
172 339
82 788
313 351 395 692 1060 1328
527 642
112 1157
1057
141
256
147
306 384 1288 1294
755
384 397 846 857
550 886
192
233 287 406
278 760 774 960 998
709 954 1040 1132 1187 1210 1385 1386 1387
230 352 703 831 1212
466 920 1240
361
98 333 350 1130 1240
952
48
271
72 613 766 1113
14
961
530 956
127 819
138 193 324 419 757 838 904 1142 1150
1012 1013
203 653 1140
67 361
302 384 567 603 890 1212
122
229 304 961
1168 1409
263 620 638 784 787 955 1029 1041 1063
136
130 446
223 250
16 48 49 140 208 230 275 520 594 606 783 969 1065 1091 1095
868
25 638 955
223 281 485 490 593 1399 1400 1401
465
204 324 430 539
306 644 765
321 394 396 474 477 658
567 906
398
53 213 572 584 737 742 757 759 844 987 1070 1228 1229
708
36 94
154 257
296 468 1071
567 641 1079
141 191 279 323 336 1011 1104
70 768
72 1158
1009
846
83 736 744 1040 1144
6 81 96 99 124 169 207 264 267 504 546 732 801 879 953 974 1055 1067 1411
963
924 983 1441
883 983
961
465 605 890 1418
866
946
20 488 1240
147 1289
218
970
149
32 439 539 674 757 959
577 878 1088
567
129 730
90 313 315 337 1244 1294 1298
248 663
131
223
801
457 561 938 1041 1044 1210 1211
1025
162 1025
289
683 906 1112
241 352 870 1021
306 1081 1400
136 352
182 315 462 710 1433 1434
200 354 597
407 603
43 1252
1192
638 1092
569 1072
433
223 301 490 905 908
100 173 278 287 318 432 619 654 855 917
399 603
43 708 908 1021
1130
273
1113
1255
1164
127 1101
212 243 767 964 1018 1164
442
754
197 429 433 522 1040 1371
333
625 705 729 833 1073 1076
162
9 464 1418
638
593
122
22 72 448 829
1172
52
197 418
104 350 585 778 1273 1344
458
287 406
13 83 404 418 623 764 819 832 867 873 973 1024 1052 1089 1144
1113
844 961
79 601 603 629 635 894 1045 1154
674 970
190
32 380 539 674 959
721
154
416 450 554 1041
199
7 259 895 1094 1141
168 584 601 603 969 979 1135
343 571 685 961 1120
147
165 202 288 426 518 810 1115 1264
970
161 442 485
73 269 703 1139
1050 1092
671
171 468 754 930 1084
238
815
37 389
47 119 199 268 431 639 697 698 701 826
3 166 997
131
67 72
397
970
43 422 605 819 905 920 1418
9 253 349 372 819 990 1100 1164 1172
237 322 993 1287
276
359 454
12 1130
868
122
25 151 638 807
778
136 352 1028 1086
946
216 719
352
147
1037
147
567
721
270
212
348 450 1401
281 516 1410
1172
267 375 1057
141
80 348 405 905
760
497
819
194 739 819 925
81 633
961
492 946
690
736
1056
1101
549
780 908 971 1240
367 567
574 1118 1125
129
638
638 1168
844
288
147 657
285 827 1111 1164 1447 1448
98 122 252 524 777 854 868 979 1130 1193 1233
1113
811
298 486 567
232 941
288 448 1115 1402
223 281 595 1421
345
719 1100
83 418 973 1039 1144
811
198 252 513 652 760 979 1059 1130 1196
819
819 1436
307 772 1075
536 1172
203 961 1131
148 331 947
147
129
819
301
147 854 979
122 528 1442 1443 1444
661 894 1042
212
32 350 380 439 674 757 959
819
210
31 85 895 985 1174 1175
260 770 950
147
760
367
147
179 1445
502 555 1134
316 1458
595 819
844
1092
442
132 549 702 1383
222
147
641 1079
695 1368 1415
667 1067 1424
389 938 1041 1044
48
69 90 257 302 609 662 746 944 1269 1270 1271 1272
1074
72 1113
271
13 17 29 59 62 125 130 204 337 353 360 382 481 504 516 735 762 771 825 835 860 863 962 987 1002 1085 1098 1110 1137
648 670
403 793
147 657 802
446
90 256 355 689 872 930 1116
56
505 727
271
974
381
755
802 803 814 819
271
760
235
595
162 232 355 445 831 1131 1147
23 82 430 791 819 1130
811 1332
712 1055
212
147
1130
129
638
348 424 869
345 936 1240
1 4 61 68 126 227 519 551 583 615 696 721 742 824 831 928 940 1032 1034 1110
646 944
147 398
920
773
815 1060 1294
11 436 445 970 1037
778 1004
233 236 337 399 407 436 445 966 970
152 819
271 372 464
109 345
689 811 1212
887
563 819 844
1418
621 991
129 991
328 791 1099
131
76 194 294 595 1101
1078 1125
925
723
406
25 341 1108
611 988
136
20 433 1067
147
420
11 12 81
36
106
436
866 1131
1056
72
30 35 120 134 136 221 495 720 742 916 998 1017 1027
212
436
210
755
25 39 119 241 249 263 302 341 347 402 423 472 507 508 592 784 787 931 948 955 996 998 1029 1046 1063 1092 1151
458
970
360 558 1079
307
276
61 351
844
596 944 1129
217 1230 1392
133 568 670 812 994
755
761 780 1083
793 1068
238 524 854 1087 1130
335
267 406
247 1074 1412
257
511 570 710 816
98 352 1165
234 888
255
166 537
563 844 1310
385 961
180 844 920 961 1113 1275
886
736
252 560 1195
844
755 970
190 568 648
150 453
1020
778 1275
32 380 437 439 539 757 959
41 1449
253 714
147
131
1230
717 874
98 937 949 1275
43 979
75 393 755 809 841 1110 1119
719 940
27 446 1122
1145 1190 1191
276 968
9 253 1015
292 572 607 922 926 961 1152
24 498 920 1020 1146
244 701
306 1264
136
1118
559
27 595
458 945
458
898
956
458 691 1420
555
269 321 451
54 1436
420
21 820
161
90 356 408 823 911 912
320 1368
232 397 657
95 181 239 293 935
157 587 951 974 1130
224
676
89 286
760
680 819
831
476 521 684 1006 1162 1261 1295 1299 1300 1301 1302 1303 1304 1305 1306 1307 1308 1309
633
149 440 482 595
845
618 1275
27
136
798 943 1051
574 1240
11 760
420
383
98 819 1001
367 879 1067
881
285
567
228 366 499 666 786 898
355
13
494
1130
147
355 595 633
139
366
72
563
906
1052
257
143 179
154
879
82 788
417 454
75 164 167 314 578 637 649 669 683 841 871 1110 1119
27 77 78 87
32 333 355 380 539 674
154
355
61 319 491 524 545 581 716 728 822 824 877
650
567
147
433
351
328
243 415 964
362 848 866
72
543 950
567
527 815
599 993 1143 1222 1223
319
63 98
257
12 33 157 252 513 974 1130
5 430 473 602 673 839 968
231 1166
503 650
91
1035
48 345
25 55 255 341 638 1029
946
736
341 638
82 305 753
25 1171
844 1066
253 585 613 891 1106 1266 1267 1268
1025 1117
181 569 651 1006
1099
961
1042 1101
147
726 943 1051
165 810 1078 1125 1332
265 1164
367 388 974
570 579 807 1315
579
255
1035
38
8 86 472 802
257
683
22 98 202 448 799
154 257 515 523 586 607 865 1161 1163
648
1170
579
456 600 772
657
1052
257 972 1176 1177 1178
8 85 90 93 106 142 152 179 184 219 241 245 253 261 332 433 464 465 493 494 525 526 533 540 551 579 585 604 609 717 731 844 862 900 966 1013 1131 1172
85 241 706
257 942 1224
760
174 220 285 708
595 760 930 1219 1220 1221
567
458
512
63
426
92 965
321 584 595 718 998
433
420
220 222
63 567
961
145 890
333
778
147
683 755
134
988
17 74 123 180 204 222 302 355 435 509 552 609 645 662 664 668 790 819 966 983 1035 1077 1115 1132 1171 1266 1363 1382 1446
722 1315
97 315 365 1016 1426
257
768
122 1082 1438
99
64 147 192 909
147
134
33 38 122 252 303 513 535 652 914 974 979 1193 1245 1389
406
220
315
54
134
567
175 224 997
819
567
43
45 811 920
231 373 630 768
433 1002
252 346 470 513 984
593
241 394 1021
755
572
433
680
126
952
760
381
367 732 752 953
272
257 733 1102
883 983
370 882 924 1275
966
58
136 316 665 1008
608 890
659
279 1103
337 372 837 887
85 791 1127
138
956
436 537 1164
444 542
993 1312
147
27 284 699 736 1005 1040 1052
72 154
819
162 926
961
1099
333 1003 1284
90 223 301 405 464 490
59 353 393 747 1092 1110
147
91 405 408 503
64 192 851
147
708 956
708
24 98
287 854
240
633
406
147
136
180 214 322 464 598 664 690 865 1035 1077 1124
930 972 1087
689 1104
1020
369 883 983
494 617
136 689 901
942
595
201
454 572 824 921 1116
638
1103
11
271
711 1014
594
98 267 681 1025 1172
389 561 1041 1044
1130
595 684 958 977 1101 1140
517
14 66 267 821 927 971 1106 1180 1310 1368
726 798 1204 1331
563 596 646
697
374 475 497 785 1166 1286 1392
530
302 638 1029
681
260 543 770
2 231 712
283 325 876 1168
124 367 879 1055 1372
320 1261
25 341 347 638
102 111 331 700 893 911 1101
141
940
32 380 439 539 674
319
88 133 178 330 339 371 435 446 496 529 663 664 689 795 836 902 1010 1048 1121 1136 1159
567 1155
368 1042 1101 1113 1129 1167
243 415 767
92 240 830 1396
287 603 819 844 884
63
36 687 778
28 107 345 445
188 378 437 449 463 601 603 640 669 1101
503 942 979 1055 1087
818 921 1289 1294 1341 1380
433 522 1371
367 576 712 777 801 854 1055 1170
1003
1020
940
147
124 252 445 513 524 535 682 854 971 1056 1183 1186
72 1002 1212
147
1002
369 370 844 882 924 1441
868
31 85 542
1064
355 567
621 843
1168
465
611 612
147
466 773 896
648
131
638
3 49 166 459 861
134 136 319 633 638 831
147
1001
43 731 1000
234 567 867 980 982
904 975
602
898
719 793
147
886
27 364
961
361
334
334 819
271 935 1275
205 234 253 688 1053 1100
846
179 633
415
1171
206 672 690 923 976
98 394 408 870
147
271
433
390 391 792 937
27 251 1064
633
474 1086
25 166 233 341 638 784 948
131
147
595
2 156
134 595
782 805 844 920
121 134
479 601
1312
522
98 320 366 418 898 1128
341 389 442 561 938 1044 1090 1131 1273
233 537 796 963
257
389 561 938 1041
436
638
150 255
271 961
147
452
726 798 1419
433 748 817 898
1015
270
367 587 953 971 974 1105
252 500 631 979 1170
309 488
147
524
306 600
1171
1164
25 341 638
251 273 986 1026
48 345 1235
790
20 81 207 267 367 560 623 732 1144 1265
651
1186
134 355
359 1284 1368
403
158 420 1390 1392
12 202 247 564 655 1391
527
420
844 920 1275
616 799
360 558 641
241
270 395 1345 1346
849
650
122 454 1212
567
289 474 1028
124 652 921 971 1240
381 1123
433
1041
345
56 402 452 553 638 906
58 1275
444
48 345
1164
147
567
115 613 794 903
465 521 1015
129 234 414 501 615 796 940 956 963 970 1155
259 881
279 889 932
361 922 1291
15 1055
791 942 1133 1327
171
620
147
567 595 683 755 906
512
393
153 170 180 328 411 434 514 565 664 963 1138
301
22 288 448 518 844
572 930
72 792
505 694
683 755
446
961
685
158 220 1088 1225 1430 1431
254 920
505 616 799
134
85 891
8 1040
204 646 963 1207 1329
138 238 252 324 409 469 513 524 585 590 652 712 740 777 939 1170 1184 1185
529 584 630 819 1041 1368
27 320 844 1388
1106
549 1409
445
961
136 567
1113
451
335 940
7 444
333
1 773
366 433 522 1067
72 154 686
690
584
148 1212
259
333
638
689
147
436
174 962 1101 1160
241
308
363
961
1155
811
51 719
811
413 415 465 512 800 894 1062 1096
83 658
779 946 1392
963
67 266 275 340 508 952 989
147
157 268 813 974 1056 1130
98 261 789 844 1019 1061
427 465 487 528 819 937
85
542
542
818
818
818
81 98
12 81 942
81 1186
81
979
1130
1130
979 1069 1181 1187 1188 1189
320 1186 1275
1186
1186 1332
686
686
401 1193 1194
252 513 854 1192
1192
20 667 1240
524
12
12
12
12 1344
72
72 1211 1212
11 72
943
154
1207 1208 1209 1210
1129 1206 1330
27 1206
1206
320 389 1206
389 1202
205 208 321 337 607 980 1084 1148 1202 1213 1214 1215
1212
1212
1212 1384
11 1234
58
58
824
824
235 824 1273
773
773
821 1256
1123
1275
146
355
355
647 679
96
96
252 513
1216
224 1065 1236 1237 1238 1239
1235
1235
1235
1235
17 20 69 267 322 324 375 503 594 727 1087 1195 1241 1242 1243 1244 1245 1246 1247 1248 1249
98 1240
27 1240 1294
1240 1284
384 1240 1251
854 1240
1240
1240
1240
1240
45
1244 1252 1253
400 1251
1251
66
412 1312
196 1224 1257 1258
1256
1256
232 1260
1259
96 719 954 1262
1261
43
448 692
1067
791 844 1275
791
791
563 1428
563
563
563
13 17 122 430 1041 1221 1274
1273
64 122 203 210 664 673 681 723 883 1014 1077 1093 1187 1226 1266 1276 1277 1278 1279 1280 1281 1282 1283
1275
1275
1275
1275
1275
1275
1275
1275
904 1071 1243 1285
1284
156 946 1425
466
313
376 972 1290 1292 1293
1289
1104
1289
1289
313 384 600 972 1242 1295 1296 1297
719 1294
1294 1341
1294
384
719
719
719
719
719
719
719
719
719
719
719
139 662 942
1312
896 1038 1255 1311 1313 1314
1312
1312
802 845 1316 1317 1318 1319 1320 1321 1322 1323 1324 1325 1326
1315
1315
1315
1315
1315
1315
1315
1315
1315
1315
1315
1106
306
1129 1365 1366 1367
1207
27 943
586 799 1189 1333 1334 1335 1336 1337 1338 1339 1340
1332
1332
1332
1332
1332
1332
1332
1332
972 1296 1342
1341
1344
430 1200 1343 1347 1360
1081
1081 1347
1344 1346
267
267
27
27
27
27
27
27 1388
27
27
27
27
1344
20
20
228 844
228
1329
1329
1329
17 559 709 942 1071 1131 1369 1370 1371
1368
1368
418 973 1368 1424 1454
953
98
98
98
98
98
98
98 1457
972
213
844
555
1215
320
320
320
1132 1355
854
1073
1074
1 647 946 1073 1166
287
240 1396
240 1396
239 240 965 1394 1395 1414
240
214
348
281 348 395
348 485
518 1405
70 1417
70
1 1402
74 89 301 1407
1406
301
340 1134
223 281 486 1423
367
655
214
1396
559
264
158 1403
372 422 464 610
1051
701
223 519
223
223 1410
560 1371
1286
846
220
1269
247
1123
1123
67 1450
397
397
200
526 704
194
849
24
24
369 983
536
536
536
548
844
512 1453
512
675
1432
106
106
1447 1455 1456
1371
1453
1453
1379
550
