516
344
287
187 476
194 209
243 349 430 441 478
48 122 143
66 87 93 110 213 297 453
269
262
280 347 378 393 432
93 163 169 251 282 333 355 364
13 93 120 162 163 463
12 93 120 162 163 463
422
81 313 457 506
67
26 128 456
113 452
477
34 337 415 418
248 292
45
291
26 32 115 121 198 204 305 306 374 379 414 415 417 499 516
26 82 129
17 24 25 39 82 97 128 129 207 208 415
263 386 433 435
71 369 389 435
134 404 434
53 287 384 401
200 258 299 361 388 492 497
24 121 306 414 516
83 92 132 150 156 238 296 370 512
20 337 415 418
55 70 83 231 232 406
337
132 274 276 425 483
61 106 107 110 163 233 372 411
26 97 194 207 208
204
67
123 140 242 429 470
438
53 287
22 49 50 64 115 222 271 291 336 380 421
142
71 265 451
6 122 143 244 437
45
45 316 380
52 80 235 262 452
51 339 447 452 501
30 44 287 384 401
163 186 332 439
35 231 232 406
101 137 253 285 340 389 457 469
403 482 515
80 331
113 219 239 241 474
78 190 281 363 496
38 106 107 110 163 233 372 411
80 126 310
252
45 336
93 381 397
7 71 87 93 99 110 213 252 264 297 357 400 442 453 457
16 41 134 182 271 405 434 514
149 199 351 352 353 468
160 327 399
35
28 47 66 93 137 152 163 186 188 252 256 260 264 265 282 314 354 355 357 358 369 389 402 435 442 451 457 486 493 511
178 262 426 509
157 399 502
510
93 169 265 266 298 321 355 463
124 133 350 352
93 137 355
60 363
288 359 373
51 58 62 108 113 126 135 248 257 300 310 331 408 489 498
15 313 457 462 506
25 26 129
33 35 92 132 150 156 238 296 310 370 512
94 187 283 299 317 337 424 503
144 181 185 212 436
98 177 449
7 66 93 110 213 297 453
114 323 409 435 471
131 214 488 491
149 335
287
33 83 132 150 156 190 238 296 370 431 512
7 11 12 13 65 66 71 75 77 87 110 120 137 147 162 163 165 169 186 188 213 252 256 261 265 266 282 290 297 298 314 318 321 333 342 354 355 357 377 381 397 410 423 451 453 457 463 475 493 511
84 187 299 503
160 247 269 399 440 502
466
26 39 104 159 207 208 240
86 177 449
66 457
328
56 137 253 285 340 383 389 457 469
310
197 217 301 312 360
97 240
402 477
38 61 107 110 163 233 372 411
38 61 106 110 163 233 362 372 411
80 300 310 408
166 192 228 387
7 38 61 66 87 93 106 107 163 213 233 297 372 411 453
269 286 338 446 485
141 221 242 464
18 59 80 116 117 131 139 145 146 155 219 234 239 241 279 284 295 346 368 419 441 452 466 474 484
88 323 409
24 45 271 291 356 364 374 421 445 450
113 117
113 116
158 289 479 486
167 285
12 13 93 162 163 463
24 32 153 169 170 186 196 204 216 223 229 250 257 294 306 336 348 396 403 414 448 504 505 516
6 48 143
42 140 242 429
76 133 350 352
364
62 80
252 268
17 26 215 456
25 26 82
140 460 461
89 113 224 491
33 37 83 92 150 156 238 274 276 296 370 425 483 512
76 124 274 325 350 352 494
29 67 182 394 434 514
80 257
184
56 71 77 93 101 163 253 260 285 340 355 389 457 469
399
113 368
42 123 130 242 245 300 429 460 461
112 221 242 326 464
46 169 307 309 328
6 48 122 230 349 391 438
85 181 436
113 155 279 419
113 474
93 261
177 291
68 90 199 335 351 352 353 468
33 83 92 132 156 238 296 370 512
183 269 306 315
71 357 389 486
121
161 182
113 145 279 419
33 83 92 132 150 238 296 370 512
73 399 502
118 289 479 486
97
69 95 327 399 440 502
154 182
12 13 93 120 163 463
11 12 13 38 54 61 71 93 106 107 110 120 137 162 169 233 260 267 302 304 332 333 355 372 389 411 463
165 195 252 277 278 375
93 164 252 265 277 278 290 375 423
109 192 228 387
119 285
344 370
11 75 93 121 142 163 229 257 265 266 298 321 336 355
121 294
182
206 218 495 507 508
248 292
189 403
218
252
86 98 148 291 449
72 262 426 509
373 382 397 475
324
85 144 436
67 134 154 161 171 308 434 514
151 269 315
136 455 456
85 212
54 71 93 121 188 256 294 314 354 355 357 377 397 457 493 511
3 84 94 204 299 317 424 476 503
71 93 186 256 314 354 357 457 493 511
174 403
60 92 431 496
456
109 166 228 364 387 436
385
4 39 209
164
121 294
103 217 301 312 360
24 306 417
68 149 351 352 353 468
31 210 211 258 299 361 388 492 497
294
415
516
24 40 121 187 379 385 392 499 516
218 457
172 507 508
26 39 97 208 399
26 39 97 207
4 194
200 211
200 210
85 185
7 66 87 93 110 297 453
89 341 488
128 456
121
103 197 272 301 312 360 458
172 175 205 457 495
59 113 239 241 474
221 420
112 141 220 242 326 420 464 513
45
121
131
259 287 307 365 390
287
503
109 166 192 387
121 169 257 336
143
35 55 232 406 407
35 55 231 406
38 61 106 107 110 163 237 372 411
113 295
51 262
357 383
233 372
33 83 92 132 150 156 296 370 512
59 113 219 241 474
97 104
59 113 219 239 474
42 112 123 140 141 221 429 464
5 349 430 441 478
48 437
140
336
95 376 399
21 80 173 273 292 395
252 334
121 396
11 364
63 66 71 93 127 164 165 176 249 258 264 268 277 278 319 320 321 330 334 357 375 380 403 442 475 481
56 101 137 285 340 389 457 469
392
282 345 357
71 93 186 188 314 354 357 389 457 493 511
80 121 135 169 229 336 427 435
31 200 252 299 361 388 412 467 492 497
225 287 307 365 390 444
71 137 163 355
93 147
9 51 72 178 235 426 509
27
66 71 252 357 402 442
47 71 75 93 165 169 266 290 298 321 355 389 423 451
75 93 169 265 298 321 355
163 302 304 333
127 252
8 95 111 151 183 315 399
473 502
45 67 115 291 380 421
217 458 498
248
37 132 133 276 350 352 425 483
441
37 132 274 425 483
164 165 252 278 375
164 165 252 277 375
113 145 155 419
10 347 378 393 432
60
11 71 93 255 333 345 357 371
84 337
113
56 101 119 137 167 253 321 340 389 416 457 469
111 338
2 30 44 53 91 225 226 259 307 365 384 390 401 500
79 359 373
118 158 479 486
93 165 265 423
23 45 115 148 177 271 421
21 173 248
300 310
121 170 186 196 201 504
113 234
33 83 92 132 150 156 238 370 512
7 66 87 93 110 213 453
75 93 169 265 266 321 355 463
31 84 94 187 200 258 361 388 492 497 503
80 108 140 293 310 311 408 480
103 197 217 312 360
163 267 304 333
382 454
163 267 302 333
24
24 32 121 151 198 414 417 443 456 516
142 225 259 287 365 390
182
142
62 80 83 102 108 293 300 408 498
300
103 197 217 301 360
15 81 457 506
71 93 186 188 256 354 357 457 493 511
151 183 269
50
84 187
93 463
252 320 321 481
252 319 321 481
75 93 169 252 265 266 285 298 319 320 355 416 481
389
88 114 409
180 455 472 487
133
141 221
69 160 399
100 142
399
252
58 80
54 163
11 93 163 267 282 302 304
249 252
90 149
45 64 121 169 229 246 257 348
20 34 36 84 283 415 418
111 286
52 447 501
56 101 137 253 285 389 457 469
214
93
422
1 168
255 282 357
113 441 484
10 280 378 393 432
121 336
5 143 243 430 438 441 478
76 124 133 274 352
68 149 199 352 353 468
68 76 124 133 149 199 274 350 351 353 465 468
68 149 199 351 352 468
71 93 186 188 256 314 357 389 457 493 511
11 71 75 77 93 137 163 169 186 260 265 266 298 321 358 377
115 445 450
66 71 93 152 186 188 236 252 255 256 264 282 314 345 354 371 383 389 442 457 486 493 511
71 355
79 288 373
103 197 217 301 312
31 200 258 299 388 492 497
107
60 78
11 115 125 192 251 436
225 259 287 307 390
476 490
433
113 139
28 71 389 435
33 83 92 132 150 156 168 238 296 512
282 357
38 61 106 107 110 163 233 237 411
79 179 288 359 382 397 475
24 115
164 165 252 277 278
247 399
93 186 355
10 280 347 393 432 470
24 204 499
45 50 252 271 403
65 93 397
179 303 373 397 454 475
101 236 357
30 53 287 401
193 204 516
27 433
109 166 192 228
31 200 258 299 361 492 497
28 56 71 101 137 152 163 253 256 265 285 322 340 354 357 369 435 457 469 486
225 259 287 307 365
143
204 254
10 280 347 378 432
134 434
248
121 250
65 93 179 186 373 381 382 475
399
69 73 95 138 157 160 207 247 269 327 329 376 398 440 466 502
66
30 53 287 384
71 105 264 477
57 121 174 189 252 380 448 515
29
67
35 55 231 232 407
231 406
80 108 300 310
88 114 323
93
38 61 106 107 110 163 233 372
258 467
435
24 32 121 306 516
20 24 26 34 202 337 418
285 321
24 198 306
20 34 337 415
113 145 155 279
220 221
45 115 271 291
14 343 510 515
93 165 265 290
84 187
37 132 274 276 483
72 178 262 509
257 435
486
42 123 140 242
5 243 349 441 478
92 190
10 280 347 378 393
27 367 386
29 67 134 182 394 514
27 28 71 88 257 369 389 413 427
85 144 181 192 364
48 244
43 143 349
54
95 160 399 502
5 113 243 275 346 349 430 478 484
66 71 252 264 357
306
259
115 356 450
111 485
52 339 501
121 403
86 98 177
115 356 445
47 71 93 265
18 51 52 113
7 66 87 93 110 213 297
303 382
184 324 456 487
17 128 184 191 215 306 455
15 56 66 71 81 93 99 101 137 186 188 205 218 253 256 285 313 314 340 354 357 389 469 493 506 511
217 272
477
130 140 461
130 140 460
81
12 13 75 93 120 162 163 298 318
112 141 221 242
352
96 113 399
258 412
68 149 199 351 352 353
56 101 137 253 285 340 389 457
42 378
88
324
270 502
59 113 146 219 239 241
93 179 252 373 382 397
3 187 366 490
19 105 402 459
5 243 349 430 441
118 158 289 486
300
252 319 320 321
57
37 132 274 276 425
113 346 441
111 446
71 118 152 158 289 357 389 428 479
324 455
89 214
80
366 476
89 131
31 200 258 299 361 388 497
71 93 186 188 256 314 354 357 457 511
133
172 218
60 190
31 200 258 299 361 388 492
80 272 310
24 204 379
287
52 339 447
73 95 157 160 270 399 440 473
84 94 187 227 299
121 294
121
15 81 313 457
172 206 508
172 206 507
72 178 262 426
74 422
71 93 186 188 256 314 354 357 457 493
33 83 92 132 150 156 238 296 370
221
67 134 182 434
57 403 422
24 32 121 203 204 306 385 414
