200
2 37 38 39 74 75 76 111 112 113 148 149 150 185 186 187
1 3 38 39 40 75 76 77 112 113 114 149 150 151 186 187 188
2 4 39 40 41 76 77 78 113 114 115 150 151 152 187 188 189
3 5 40 41 42 77 78 79 114 115 116 151 152 153 188 189 190
4 6 41 42 43 78 79 80 115 116 117 152 153 154 189 190 191
5 7 42 43 44 79 80 81 116 117 118 153 154 155 190 191 192
6 8 43 44 45 80 81 82 117 118 119 154 155 156 191 192 193
7 9 44 45 46 81 82 83 118 119 120 155 156 157 192 193 194
8 10 45 46 47 82 83 84 119 120 121 156 157 158 193 194 195
9 11 46 47 48 83 84 85 120 121 122 157 158 159 194 195 196
10 12 47 48 49 84 85 86 121 122 123 158 159 160 195 196 197
11 13 48 49 50 85 86 87 122 123 124 159 160 161 196 197 198
12 14 49 50 51 86 87 88 123 124 125 160 161 162 197 198 199
13 15 50 51 52 87 88 89 124 125 126 161 162 163 198 199 200
14 16 51 52 53 88 89 90 125 126 127 162 163 164 199 200
15 17 52 53 54 89 90 91 126 127 128 163 164 165 200
16 18 53 54 55 90 91 92 127 128 129 164 165 166
17 19 54 55 56 91 92 93 128 129 130 165 166 167
18 20 55 56 57 92 93 94 129 130 131 166 167 168
19 21 56 57 58 93 94 95 130 131 132 167 168 169
20 22 57 58 59 94 95 96 131 132 133 168 169 170
21 23 58 59 60 95 96 97 132 133 134 169 170 171
22 24 59 60 61 96 97 98 133 134 135 170 171 172
23 25 60 61 62 97 98 99 134 135 136 171 172 173
24 26 61 62 63 98 99 100 135 136 137 172 173 174
25 27 62 63 64 99 100 101 136 137 138 173 174 175
26 28 63 64 65 100 101 102 137 138 139 174 175 176
27 29 64 65 66 101 102 103 138 139 140 175 176 177
28 30 65 66 67 102 103 104 139 140 141 176 177 178
29 31 66 67 68 103 104 105 140 141 142 177 178 179
30 32 67 68 69 104 105 106 141 142 143 178 179 180
31 33 68 69 70 105 106 107 142 143 144 179 180 181
32 34 69 70 71 106 107 108 143 144 145 180 181 182
33 35 70 71 72 107 108 109 144 145 146 181 182 183
34 36 71 72 73 108 109 110 145 146 147 182 183 184
35 37 72 73 74 109 110 111 146 147 148 183 184 185
1 36 38 73 74 75 110 111 112 147 148 149 184 185 186
1 2 37 39 74 75 76 111 112 113 148 149 150 185 186 187
1 2 3 38 40 75 76 77 112 113 114 149 150 151 186 187 188
2 3 4 39 41 76 77 78 113 114 115 150 151 152 187 188 189
3 4 5 40 42 77 78 79 114 115 116 151 152 153 188 189 190
4 5 6 41 43 78 79 80 115 116 117 152 153 154 189 190 191
5 6 7 42 44 79 80 81 116 117 118 153 154 155 190 191 192
6 7 8 43 45 80 81 82 117 118 119 154 155 156 191 192 193
7 8 9 44 46 81 82 83 118 119 120 155 156 157 192 193 194
8 9 10 45 47 82 83 84 119 120 121 156 157 158 193 194 195
9 10 11 46 48 83 84 85 120 121 122 157 158 159 194 195 196
10 11 12 47 49 84 85 86 121 122 123 158 159 160 195 196 197
11 12 13 48 50 85 86 87 122 123 124 159 160 161 196 197 198
12 13 14 49 51 86 87 88 123 124 125 160 161 162 197 198 199
13 14 15 50 52 87 88 89 124 125 126 161 162 163 198 199 200
14 15 16 51 53 88 89 90 125 126 127 162 163 164 199 200
15 16 17 52 54 89 90 91 126 127 128 163 164 165 200
16 17 18 53 55 90 91 92 127 128 129 164 165 166
17 18 19 54 56 91 92 93 128 129 130 165 166 167
18 19 20 55 57 92 93 94 129 130 131 166 167 168
19 20 21 56 58 93 94 95 130 131 132 167 168 169
20 21 22 57 59 94 95 96 131 132 133 168 169 170
21 22 23 58 60 95 96 97 132 133 134 169 170 171
22 23 24 59 61 96 97 98 133 134 135 170 171 172
23 24 25 60 62 97 98 99 134 135 136 171 172 173
24 25 26 61 63 98 99 100 135 136 137 172 173 174
25 26 27 62 64 99 100 101 136 137 138 173 174 175
26 27 28 63 65 100 101 102 137 138 139 174 175 176
27 28 29 64 66 101 102 103 138 139 140 175 176 177
28 29 30 65 67 102 103 104 139 140 141 176 177 178
29 30 31 66 68 103 104 105 140 141 142 177 178 179
30 31 32 67 69 104 105 106 141 142 143 178 179 180
31 32 33 68 70 105 106 107 142 143 144 179 180 181
32 33 34 69 71 106 107 108 143 144 145 180 181 182
33 34 35 70 72 107 108 109 144 145 146 181 182 183
34 35 36 71 73 108 109 110 145 146 147 182 183 184
35 36 37 72 74 109 110 111 146 147 148 183 184 185
1 36 37 38 73 75 110 111 112 147 148 149 184 185 186
1 2 37 38 39 74 76 111 112 113 148 149 150 185 186 187
1 2 3 38 39 40 75 77 112 113 114 149 150 151 186 187 188
2 3 4 39 40 41 76 78 113 114 115 150 151 152 187 188 189
3 4 5 40 41 42 77 79 114 115 116 151 152 153 188 189 190
4 5 6 41 42 43 78 80 115 116 117 152 153 154 189 190 191
5 6 7 42 43 44 79 81 116 117 118 153 154 155 190 191 192
6 7 8 43 44 45 80 82 117 118 119 154 155 156 191 192 193
7 8 9 44 45 46 81 83 118 119 120 155 156 157 192 193 194
8 9 10 45 46 47 82 84 119 120 121 156 157 158 193 194 195
9 10 11 46 47 48 83 85 120 121 122 157 158 159 194 195 196
10 11 12 47 48 49 84 86 121 122 123 158 159 160 195 196 197
11 12 13 48 49 50 85 87 122 123 124 159 160 161 196 197 198
12 13 14 49 50 51 86 88 123 124 125 160 161 162 197 198 199
13 14 15 50 51 52 87 89 124 125 126 161 162 163 198 199 200
14 15 16 51 52 53 88 90 125 126 127 162 163 164 199 200
15 16 17 52 53 54 89 91 126 127 128 163 164 165 200
16 17 18 53 54 55 90 92 127 128 129 164 165 166
17 18 19 54 55 56 91 93 128 129 130 165 166 167
18 19 20 55 56 57 92 94 129 130 131 166 167 168
19 20 21 56 57 58 93 95 130 131 132 167 168 169
20 21 22 57 58 59 94 96 131 132 133 168 169 170
21 22 23 58 59 60 95 97 132 133 134 169 170 171
22 23 24 59 60 61 96 98 133 134 135 170 171 172
23 24 25 60 61 62 97 99 134 135 136 171 172 173
24 25 26 61 62 63 98 100 135 136 137 172 173 174
25 26 27 62 63 64 99 101 136 137 138 173 174 175
26 27 28 63 64 65 100 102 137 138 139 174 175 176
27 28 29 64 65 66 101 103 138 139 140 175 176 177
28 29 30 65 66 67 102 104 139 140 141 176 177 178
29 30 31 66 67 68 103 105 140 141 142 177 178 179
30 31 32 67 68 69 104 106 141 142 143 178 179 180
31 32 33 68 69 70 105 107 142 143 144 179 180 181
32 33 34 69 70 71 106 108 143 144 145 180 181 182
33 34 35 70 71 72 107 109 144 145 146 181 182 183
34 35 36 71 72 73 108 110 145 146 147 182 183 184
35 36 37 72 73 74 109 111 146 147 148 183 184 185
1 36 37 38 73 74 75 110 112 147 148 149 184 185 186
1 2 37 38 39 74 75 76 111 113 148 149 150 185 186 187
1 2 3 38 39 40 75 76 77 112 114 149 150 151 186 187 188
2 3 4 39 40 41 76 77 78 113 115 150 151 152 187 188 189
3 4 5 40 41 42 77 78 79 114 116 151 152 153 188 189 190
4 5 6 41 42 43 78 79 80 115 117 152 153 154 189 190 191
5 6 7 42 43 44 79 80 81 116 118 153 154 155 190 191 192
6 7 8 43 44 45 80 81 82 117 119 154 155 156 191 192 193
7 8 9 44 45 46 81 82 83 118 120 155 156 157 192 193 194
8 9 10 45 46 47 82 83 84 119 121 156 157 158 193 194 195
9 10 11 46 47 48 83 84 85 120 122 157 158 159 194 195 196
10 11 12 47 48 49 84 85 86 121 123 158 159 160 195 196 197
11 12 13 48 49 50 85 86 87 122 124 159 160 161 196 197 198
12 13 14 49 50 51 86 87 88 123 125 160 161 162 197 198 199
13 14 15 50 51 52 87 88 89 124 126 161 162 163 198 199 200
14 15 16 51 52 53 88 89 90 125 127 162 163 164 199 200
15 16 17 52 53 54 89 90 91 126 128 163 164 165 200
16 17 18 53 54 55 90 91 92 127 129 164 165 166
17 18 19 54 55 56 91 92 93 128 130 165 166 167
18 19 20 55 56 57 92 93 94 129 131 166 167 168
19 20 21 56 57 58 93 94 95 130 132 167 168 169
20 21 22 57 58 59 94 95 96 131 133 168 169 170
21 22 23 58 59 60 95 96 97 132 134 169 170 171
22 23 24 59 60 61 96 97 98 133 135 170 171 172
23 24 25 60 61 62 97 98 99 134 136 171 172 173
24 25 26 61 62 63 98 99 100 135 137 172 173 174
25 26 27 62 63 64 99 100 101 136 138 173 174 175
26 27 28 63 64 65 100 101 102 137 139 174 175 176
27 28 29 64 65 66 101 102 103 138 140 175 176 177
28 29 30 65 66 67 102 103 104 139 141 176 177 178
29 30 31 66 67 68 103 104 105 140 142 177 178 179
30 31 32 67 68 69 104 105 106 141 143 178 179 180
31 32 33 68 69 70 105 106 107 142 144 179 180 181
32 33 34 69 70 71 106 107 108 143 145 180 181 182
33 34 35 70 71 72 107 108 109 144 146 181 182 183
34 35 36 71 72 73 108 109 110 145 147 182 183 184
35 36 37 72 73 74 109 110 111 146 148 183 184 185
1 36 37 38 73 74 75 110 111 112 147 149 184 185 186
1 2 37 38 39 74 75 76 111 112 113 148 150 185 186 187
1 2 3 38 39 40 75 76 77 112 113 114 149 151 186 187 188
2 3 4 39 40 41 76 77 78 113 114 115 150 152 187 188 189
3 4 5 40 41 42 77 78 79 114 115 116 151 153 188 189 190
4 5 6 41 42 43 78 79 80 115 116 117 152 154 189 190 191
5 6 7 42 43 44 79 80 81 116 117 118 153 155 190 191 192
6 7 8 43 44 45 80 81 82 117 118 119 154 156 191 192 193
7 8 9 44 45 46 81 82 83 118 119 120 155 157 192 193 194
8 9 10 45 46 47 82 83 84 119 120 121 156 158 193 194 195
9 10 11 46 47 48 83 84 85 120 121 122 157 159 194 195 196
10 11 12 47 48 49 84 85 86 121 122 123 158 160 195 196 197
11 12 13 48 49 50 85 86 87 122 123 124 159 161 196 197 198
12 13 14 49 50 51 86 87 88 123 124 125 160 162 197 198 199
13 14 15 50 51 52 87 88 89 124 125 126 161 163 198 199 200
14 15 16 51 52 53 88 89 90 125 126 127 162 164 199 200
15 16 17 52 53 54 89 90 91 126 127 128 163 165 200
16 17 18 53 54 55 90 91 92 127 128 129 164 166
17 18 19 54 55 56 91 92 93 128 129 130 165 167
18 19 20 55 56 57 92 93 94 129 130 131 166 168
19 20 21 56 57 58 93 94 95 130 131 132 167 169
20 21 22 57 58 59 94 95 96 131 132 133 168 170
21 22 23 58 59 60 95 96 97 132 133 134 169 171
22 23 24 59 60 61 96 97 98 133 134 135 170 172
23 24 25 60 61 62 97 98 99 134 135 136 171 173
24 25 26 61 62 63 98 99 100 135 136 137 172 174
25 26 27 62 63 64 99 100 101 136 137 138 173 175
26 27 28 63 64 65 100 101 102 137 138 139 174 176
27 28 29 64 65 66 101 102 103 138 139 140 175 177
28 29 30 65 66 67 102 103 104 139 140 141 176 178
29 30 31 66 67 68 103 104 105 140 141 142 177 179
30 31 32 67 68 69 104 105 106 141 142 143 178 180
31 32 33 68 69 70 105 106 107 142 143 144 179 181
32 33 34 69 70 71 106 107 108 143 144 145 180 182
33 34 35 70 71 72 107 108 109 144 145 146 181 183
34 35 36 71 72 73 108 109 110 145 146 147 182 184
35 36 37 72 73 74 109 110 111 146 147 148 183 185
1 36 37 38 73 74 75 110 111 112 147 148 149 184 186
1 2 37 38 39 74 75 76 111 112 113 148 149 150 185 187
1 2 3 38 39 40 75 76 77 112 113 114 149 150 151 186 188
2 3 4 39 40 41 76 77 78 113 114 115 150 151 152 187 189
3 4 5 40 41 42 77 78 79 114 115 116 151 152 153 188 190
4 5 6 41 42 43 78 79 80 115 116 117 152 153 154 189 191
5 6 7 42 43 44 79 80 81 116 117 118 153 154 155 190 192
6 7 8 43 44 45 80 81 82 117 118 119 154 155 156 191 193
7 8 9 44 45 46 81 82 83 118 119 120 155 156 157 192 194
8 9 10 45 46 47 82 83 84 119 120 121 156 157 158 193 195
9 10 11 46 47 48 83 84 85 120 121 122 157 158 159 194 196
10 11 12 47 48 49 84 85 86 121 122 123 158 159 160 195 197
11 12 13 48 49 50 85 86 87 122 123 124 159 160 161 196 198
12 13 14 49 50 51 86 87 88 123 124 125 160 161 162 197 199
13 14 15 50 51 52 87 88 89 124 125 126 161 162 163 198 200
14 15 16 51 52 53 88 89 90 125 126 127 162 163 164 199
