1024
65 243 300 302 303 304 306 316 318
650 651 652 896 897 898
16 948 949 954 955 956
28 428 429 430 431 432
20 239 243 318 961 962
66 68 297 298 300 302
26 391 398 400
388 390 626 627 629
115 116 471 472 473 474 475 490
134 138 532 557 559 562
45 52 202 739 798
173 732 733 735 747
164 647 648 661 665 666 667 677
222 658 659 804 813 814
821 832 834 835 839 842
3 240 241 323 949 956 957
335 338 339 365 368
80 81 312 313 330 331
74 76 292 294 295 310
5 239 318 319 321 322
243 956 960 961 962 963 964
237 944 945 948 950
25 379 388 391 392 393
91 92 93 366 372 374 375 376
23 377 379 387 388 640
7 101 391 392 398
425 434 435 436 441 442
4 70 273 274 430 431
151 152 548 549 550 605
620 621 622 623 624 625
479 480 542 546 610
147 552 567 584
138 139 140 141 561
138 551 554 558 559 560 564 566
572 573 574 576 577
146 581 582 699 700
689 695 698 699
148 581 689 690 699
632 635 636 637 683
96 383 384 385 386 387
218 219 220 819 820 836 837 869 877
653 655 656 657 660 882
166 805 809 811 812 814
168 673 674 675
11 52 798
673 731 736 738 802
195 772 773 774 775
195 196 760 761 775 778
187 751 758 759 760
773 775 776 777 782 784
204 219 220 823
11 45 186 200 739 740 798
54 214 850 1007 1008 1009
53 55 849 850 852 1007
54 212 847 848 849 850
213 215 854 855 872 873
58 224 886 922
57 223 886 888 889 922
245 247 972 978 980
61 232 995 996 997 1000
60 232 861 862 997 1004 1005
1001 1002 1003 1007 1009 1010
255 1013 1022 1023 1024
252 253 1010 1011 1014 1015
1 66 243 261 299 300 301
6 65 262 264 298 299 300 301
259 260 261 262 265 266 268
6 281 282 291 294 297 298
70 257 258 267 273
28 69 266 267 270 272 273 274 275
73 106 107 284 286 356 416
88 283 288 289 290 291 292 350
71 282 283 284 286 289 290
19 293 295 309 310
76 295 303 304
19 75 294 295 296 303
78 292 344 347 350
77 341 344 348 350
80 329 330 332 340 341 342 345
18 79 329 330 331
18 312 317 325 327 328 330
336 911 913 945 946 947
84 86 338 339 343 363
83 85 339 340 342 343
84 342 343 349 351
83 87 343 352 363 364
86 88 105 288 352 355 364
72 87 288 350 351 352
100 101 358 359 360
357 358 360 361 362 363 364 394
24 361 362 363 366 376
24 373 374 375
24 94 366 367 369 370 372
93 369 370 371 912
96 381 382 384 641 897 898 899
40 95 378 381 384 387
98 377 378 387
97 99 375 377 378 380
98 375 376 377 379 393 394
89 101 359 392 393
26 89 100 103 358 392 395 397 398
396 397 399 401 409 412
101 104 356 357 358 395 411 414
103 354 355 356 357
87 288 353 354 355
71 107 416
71 106 277 284 285 416 417 418
274 277 419 420 421
407 413 423 424 425 442
257 273 431 433 435 438 449 493
112 406 407 408 442
111 406 440 441 442 444 446
114 454 491 493
113 454 455 456 483 490 491
9 456 457 472 490
9 118 467 469 471 474 475
402 403 409 468 623
116 121 469 475 478 611 612
152 545 546 551 554 555 556
136 522 533 535 536
118 475 476 477 478 479
123 539 541 542 543
122 500 501 502 537 539 540 541
480 481 482 484 485 540 541
126 503 504 538
125 127 498 503 504 506 508
126 130 503 508 509 511
129 136 520 521 523 524
128 517 519 520 524 526
127 507 508 509 510
140 527 528 529 530 561 562
133 523 525 528 531 561
132 523 524 525
10 138 140 562
532 533 534 535 557
120 128 521 522 523 536 537
139 560 564 570 572
10 33 34 134 139 140 559 560
33 137 138 141 560 563 572
33 131 134 138 561 562
33 139 142 561 563
141 143 561 563 574
142 563 572 574
569 575 577 578 579 580
569 570 571 572 573 585
36 567 581 582 584 585
32 549 552 583 584 586 589
38 581 592 690
158 600 605 606 607 614
550 587 604 605 606
29 152 547 605 607 609
29 119 151 545 546 547 548
154 155 478 608 609 611 621
153 478 547 609 610
153 607 608 609
157 613 617 619 620 625 627 628
156 389 390 625 626 627
149 600 614 616
161 596 597 598 636 683 685
383 385 641 642 643
159 162 595 596 685 687 688
161 685 686 687
665 677 678 680 685 686
13 666 667 668 669 670
670 671 672 800 803 804
43 800 803 805 814
183 737 745 746 747 748
44 169 673 675 694 731
168 675 676 692 693 694
171 675 676 677 678
170 172 676 678 679 692
171 679 687 688 692
12 694 695 731 732 733
713 714 715 716 717
176 696 698 702 710
175 178 580 582 698 700 702 703 704
701 705 706 707 709
176 575 576 580 704 706 709 719
180 181 749 751
179 181 723 750 751 752
179 180 182 723 725 749
181 723 725 726 727
167 184 725 747 748
183 725 726 734 735 747
186 199 200 741 742 781
52 185 187 200 739 742 743 744 745
49 186 196 743 744 746 751 760 777
191 755 757 758 763
190 514 574 576 719 754 756 767
189 753 754 756
188 756 757 763 766
194 755 761 763
764 765 767 768 769
192 761 762 763
47 48 761 762 770 772 775
48 187 760 775 777
198 203 779 793 794 795 796 798
197 740 779 798
185 200 740 741 779 780 781
52 185 186 199 740 741
202 203 797 798 799
11 201 739 797 798 801
197 201 793 798 799 807 808
51 206 207 220 823 824
791 806 807 808 810 825
204 207 791 824 825 826
204 206 220 791 792 822 828 830
789 827 829 830
211 822 827 830 832
833 835 842 844
209 827 831 832 835
55 214 846 847 850
56 849 852 853 854 857 873 874
53 212 846 850 1008 1012 1014
56 217 855 856 872
851 852 853 857 861 862 1007
215 218 838 856 869 872
41 217 834 837 838 869
41 51 220 820 823
41 51 204 207 219 822 832 836
224 230 923 925
14 657 658 659 660 661
58 881 884 885 886 888 890
57 221 230 886 921 922 925
645 646 649 650
637 638 644 646 683 684
229 905 906 916 920 921 941 943
911 942 943 944 945
227 238 916 942 943
221 224 919 920 921 923 924
250 863 931 992 993
60 61 860 861 865 868 871 995
952 968 971 972 973 974
235 236 933 935 951
234 237 238 933 936 937 951
234 935 951 952 970
22 235 238 942 944 950 951
229 235 237 916 937 938 941 942
5 20 321 960 961
16 241 323 958
16 240 956 958 959
955 956 963 964 967
1 5 21 65 256 318 962 963 965 976 979
245 974 975 976 979
59 244 247 972 974 975
256 977 979 980 982
59 245 975 979 980
987 988 989 990
985 987 989 999
231 931 932 990 991 993 994 996
253 1013 1015 1024
64 1011 1012 1014
64 251 1001 1010 1013 1015 1019
255 1019 1021
63 254 1013 1019 1021 1022
243 246 979 982 1014 1020 1023 1024
69 110 258 260 273 493
69 257 259 260 267
67 258 260 267 268
67 257 258 259 261
65 67 260 262 299
66 67 261 263 264 265 299
262 264 265 271
66 262 263 271 280 298
67 262 263 266 270 271
67 70 265 267 268 270
69 70 258 259 266 268
67 259 266 267
270 271 272 280
70 265 266 269 271 272
263 264 265 269 270 280
70 269 270 275 278 280
28 69 70 110 257 431
28 70 108 275 276 277 421 430
70 272 274 276 278
274 275 277 278 285
107 108 274 276 285 418 419
272 275 276 279 280 285
278 280 281 284 285
264 269 271 272 278 279 281 298
68 279 280 282 284 298
68 73 281 283 284 291
72 73 282 290 291
71 73 107 279 281 282 285
107 276 277 278 279 284
71 73 287 289 353 356
286 289 353
72 87 88 105 289 353
72 73 286 287 288 290 353
72 73 283 289
68 72 282 283 292 294
19 72 77 291 294 310 347 350
74 295 304 307 308 309
19 68 76 291 292 296 297
19 74 75 76 293 304
76 294 297 303
6 68 294 296 302 303
6 66 68 264 280 281
65 66 261 262 301
1 6 65 66 302
65 66 299
1 6 297 300 303
1 75 76 296 297 302 304
1 75 293 295 303 306 307
306 307 308 311 315 316
1 304 305 307 316
293 304 305 306 308
293 305 307 309 311
74 293 308 310 311
19 74 292 309 311 344 346 347
305 308 309 310 312 313 315 346
18 81 311 313 314 315 317
18 311 312 331 345 346
312 315 316 317 318
305 311 312 314 316
1 305 306 314 315 318
81 312 314 318 319 320 322 328
1 5 20 243 314 316 317 319
20 317 318 322
317 321 322 328
20 239 320 322 323 328 958 959 960
20 317 319 320 321
16 240 321 325 328 957 958
325 326 947 948 957
81 323 324 326 327 328 957
324 325 327 333 334 947
81 325 326 330 333
81 317 320 321 323 325
79 80 331 345
18 79 80 81 327 332 333
18 80 313 329 345
79 330 333 336 337 339 340
326 327 330 332 334 336
326 333 336 946 947
17 337 339 368
82 332 333 334 337 913 946
332 335 336 339 368 913
17 83 339 363 365
17 83 84 332 335 337 338 340
79 84 332 339 342
78 79 342 344 345 348 349
79 84 85 340 341 349
83 84 85 86 351 352
77 78 310 341 345 346 347
79 313 329 331 341 344 346
310 311 313 344 345
77 292 310 344
78 341 349 350
85 341 342 348 350 351
72 77 78 88 292 348 349 351
85 88 343 349 350 352
86 87 88 343 351
105 286 287 288 289 354 356
104 105 353 355 356
87 104 105 354 357 364
71 103 104 286 353 354 414 415 416
90 103 104 355 358 364
89 90 101 103 357 360
89 100 360 393 394
89 90 358 359 394
90 91 362 376 394
90 91 361 363
83 86 90 91 338 362 364 365 366
86 87 90 355 357 363
17 338 363 366 367 368
24 91 93 363 365 367
93 365 366 368 369 913
17 335 337 365 367 913
93 94 367 912 913
93 94 371 372 910
94 370 910 912 915
24 93 370 373 374 382 910
92 372 374 375 380 382
24 92 372 373
24 92 98 99 373 376 380
24 91 99 361 375 394
25 97 98 99 379 387
96 97 98 380 381 387
23 25 99 377 393
98 373 375 378 381 382
95 96 378 380 382
95 372 373 380 381 899 910
40 160 384 385 641
40 95 96 383 641
40 160 383 386 638 639 640 643
40 385 387 640
25 40 96 97 377 378 386 640
8 23 25 390 391 629 640
157 390 391 400 623 624 625
8 157 388 389 391 626
7 23 26 388 389 390 392 400
23 26 100 101 391 393
23 99 100 359 379 392 394
90 99 359 360 361 376 393
101 103 396 397 411
102 395 397 411 412
101 102 395 396 398 399
7 26 101 397 399 400
102 397 398 400 401 402 623
7 389 391 398 399 623
102 399 402 409
117 399 401 409 623
117 404 409 466 468 470
403 405 406 408 409 463 466
404 406 460 463
111 112 404 405 408 444 445 460
109 111 408 410 411 413 442
111 404 406 407 409 411 412
102 117 401 402 403 404 408 412
407 411 413 414 415
103 395 396 407 408 410 412 414
102 396 408 409 411
109 407 410 415 416 417 423
103 356 410 411 415
356 410 413 414 416
71 106 107 356 413 415 417
107 413 416 418 420 422 423
107 277 417 419 420
108 277 418 420
108 417 418 419 421 422
108 274 420 422 428 429 430
417 420 421 423 424 428
109 413 417 422 424
109 422 423 425 426 427 428
27 109 424 426 434 442
424 425 427 432 434
424 426 428 432
4 421 422 424 427 429 432
4 421 428 430
4 28 274 421 429
4 28 110 273 432 433
4 426 427 428 431 433 434
110 431 432 434 435
27 425 426 432 433 435
27 110 433 434 436 438
27 435 437 438 439 440 441
436 438 439 447
110 435 436 437 447 449
436 437 440 446 447
112 436 439 441 446
27 112 436 440 442
27 109 111 112 407 425 441
445 447 448 450 459
112 406 445 446 447
406 443 444 447 459 460
112 439 440 444 447
437 438 439 443 444 445 446 448 449
443 447 449 450
110 438 447 448 450 451 454 493
443 448 449 451 459
449 450 452 453 454 459
451 453 455 457 459
451 452 454 455
113 114 449 451 453 455 493
114 452 453 454 456 457
114 115 455 457 490
115 452 455 456 458 459 472
457 459 460 462 472
443 445 450 451 452 457 458 460
405 406 445 458 459 461 462 463
460 462 463 464
458 460 461 464 465 472
404 405 460 461 464 466
461 462 463 465 466
462 464 466 470 471 472
403 404 463 464 465 470
116 468 469 470 471
117 403 467 469 470 612 622 623
116 118 467 468 612
403 465 466 467 468 471
9 116 465 467 470 472
9 115 457 458 462 465 471
9 475 481 482 483 490
9 116 475
9 116 118 121 473 474 476 481
121 475 477 481
121 476 479 480 481
118 121 153 154 479 610 611
31 121 477 478 480 610
31 124 477 479 481 541 542
124 473 475 476 477 480 482
124 473 481 483 484
114 473 482 484 487 488 489 490 491
124 482 483 485 487
124 484 486 487 496 502 540
485 487 488 489 494 495 496
483 484 485 486 488
483 486 487 489
483 486 488 491 492 493 494
9 114 115 456 473 483
113 114 483 489 493
489 493 494 497 507
110 113 257 449 454 489 491 492 507 510 514
486 489 492 495 497
486 494 496 497
485 486 495 497 499 502
492 494 495 496 499 505 507
126 499 500 501 504 505 506
496 497 498 501 502 505
123 498 501 504 537
123 498 499 500 502
123 485 496 499 501 540
125 126 127 511 520 521 538
125 126 498 500 537 538
497 498 499 506 507
126 498 505 507 508
130 492 493 497 505 506 508 510
126 127 130 506 507
127 130 510 511
130 493 507 509 511 512 513 514
127 503 509 510 512 518 519 520
510 511 513 518
510 512 514 516 518
189 493 510 513 516 561 574
516 517 518 519
513 514 515 517 518 561
129 515 516 519 525 526 561
511 512 513 515 516 519
129 511 515 517 518 520
128 129 503 511 519 521
128 136 503 520 537 538
120 136 523 531 532 535
128 132 133 136 522 524 531
128 129 133 523 525 526
132 133 517 524 526 561
129 517 524 525
131 529 530
131 132 529 531 561
131 527 528 530 531
131 527 529 531 562
132 522 523 528 529 530 532 562
10 135 522 531 535 557 562
120 135 534 535 536 543 544
135 533 544 557
120 135 522 532 533
120 136 533 537 539 543
123 136 500 504 521 536 538 539
125 503 504 521 537
122 123 536 537 543
123 124 485 502 541
122 123 124 480 540 542
31 122 480 541 543 546
122 533 536 539 542 544 546 555
533 534 543 555 557 559
119 152 548 551 553 558
31 119 152 542 543 547 555 556 610
151 152 154 546 609 610
29 152 545 549 552 553
29 147 548 550 552 588 589
29 150 549 587 588 605
34 119 545 554 558
32 147 548 549 553 567 568
545 548 552 558 568
34 119 551 555 559
119 543 544 546 554 556 559
119 546 555
10 135 532 534 544 559
34 545 551 553 566 568
10 34 138 544 554 555 557
34 137 138 139 564
33 131 132 140 141 142 514 516 517 525 528 574
10 131 134 140 530 531 532
139 141 142 143 572
34 137 560 565 566 567 570 571
564 566 567 568
34 558 564 565 568
32 146 552 564 565 568 571 584 585
552 553 558 565 566 567
144 145 573 578 579 585
137 145 564 571 572
145 564 567 570 585
35 137 139 143 145 563 570 573 574
35 145 569 572 577 578
35 142 143 189 514 561 572 576
144 178 576 577 580
35 178 189 574 575 577 719
35 144 573 575 576 578
144 569 573 577
144 569 580 582 585
144 176 178 575 579 582
36 38 146 148 583 584 592 699
36 146 176 579 580 585 700
147 581 584 586 591 592
32 146 147 567 581 583
145 146 567 569 571 579 582
147 583 589 590 591
150 550 588 589 590 604
549 550 587 589
147 549 586 587 588 590
586 587 589 591 602 603 604
583 586 590 592 594 603
148 581 583 591 594 688 690
594 595 596 599 603
591 592 593 595 603 688
161 593 594 596 688
159 161 593 595 597 599
159 596 598 599 600 601 616
159 597 616 635 636
593 596 597 601 602 603
149 158 597 601 606 616
597 599 600 602 606
590 599 601 603 604 606
590 591 593 594 599 602
150 587 590 602 606
29 149 150 151 550 606 607
149 150 600 601 602 604 605
149 151 155 605 608 609 613 614
153 155 607 613 621
151 153 154 155 547 607
31 154 478 479 546 547
118 153 478 612 621 622
118 468 469 611 622
156 607 608 614 615 617 619 621
149 158 607 613 615 616
613 614 616 617 618 633 634 635
158 597 598 600 614 615 635
156 613 615 618 628
615 617 628 633
156 613 620 621
30 156 619 621 625
30 153 608 611 613 619 620 622
30 468 611 612 621 623
30 117 389 399 400 402 468 622 624
30 389 623 625
30 156 157 389 620 624
8 157 390 627
8 156 157 626 628 629 631
156 617 618 627 631 633 634
8 388 627 630 631 639 640
629 631 632 634 637 639
627 628 629 630 634
39 630 634 635 637
615 618 628 634
615 628 630 631 632 633 635
39 598 615 616 632 634 636
39 159 598 635 683
39 226 630 632 638 639 683
226 385 637 639 643 644
385 629 630 637 638 640
25 385 386 387 388 629 639
95 160 383 384 642 898
160 641 643 644 898
160 385 638 642 644
226 638 642 643 645 646 898
225 644 646 650 898
225 226 644 645 647 649 684
13 646 648 649 664 665 681 682 684
13 647 661 662 664
225 646 647 650 654 663 664
2 225 645 649 651 654 898
2 650 652 654
2 651 654 894 895 896
42 654 655 660
649 650 651 652 653 655 656 660 663 894
42 653 654 656
42 654 655 882 891 892 894
42 222 658 660 882 883
14 222 657 813 816 817 883
14 222 661 667 669 804
42 222 653 654 657 661 662 663
13 222 648 659 660 662 667
648 660 661 663 664
649 654 660 662 664
647 648 649 662 663
13 163 647 677 680 681
13 164 668 674 675 677
13 164 659 661 669
164 666 670 672 674
164 659 667 670 804
164 165 668 669 672 804
165 672 797 800 801 802
165 668 670 671 673 674 802
44 46 168 672 674 731 802
44 666 668 672 673 675
44 168 169 170 666 674 676 677
169 170 171 675 692
13 163 170 665 666 675 678
163 170 171 677 679 686
171 172 678 686 687
163 665 681 685
647 665 680 682 683 684 685
647 681 684
39 159 226 636 637 681 684 685
226 646 647 681 682 683
159 161 162 163 680 681 683 686
162 163 678 679 685 687
161 162 172 679 686 688
161 172 592 594 595 687 690 692
37 38 690 693 695 699
38 148 592 688 689 691 692 693
690 692 693
169 171 172 676 688 690 691 693
169 689 690 691 692 694 695
168 169 173 693 695 731
37 173 689 693 694 696 697 698 726 728 733 734
175 695 697 698 710 711
695 696 711 712 728
37 175 176 695 696 699 700
36 37 38 581 689 698 700
36 176 582 698 699
177 702 703 705 707 708
175 176 701 703 708 710
176 701 702 704 705
176 178 703 705 706
177 701 703 704 706
177 178 704 705 709
177 701 708 709 715 718
701 702 707 710 715
177 178 706 707 718 719 720
175 696 702 708 711 713 715
696 697 710 712 713
697 711 713 728 729
174 710 711 712 714 715 729 730
174 713 716 727 730
174 707 708 710 713 717 718
174 714 717 723 724 727
174 715 716 718 724
707 709 715 717 720 721 724
178 189 576 709 720 754
709 718 719 721 754
718 720 722 724 750 752 754
721 723 724 750
180 181 182 716 722 724 727 750
716 717 718 721 722 723
181 182 183 184 726 748 749
182 184 695 725 727 728 734
182 714 716 723 726 728 730
695 697 712 726 727 729 730
712 713 728 730
713 714 727 728 729
46 168 173 673 694 732 736
12 173 731 736 747
12 173 695 734 735
184 695 726 733 735
12 184 733 734 747
46 731 732 737 738 747
167 736 738 739 745 747
46 736 737 739 801 802
11 52 186 202 737 738 745 801
52 198 199 200 779 798
185 199 200
185 186 743 776 781
186 187 742 776 777
186 187 745 746
167 186 737 739 744 746
167 187 744 745 748 749 751
12 167 183 184 732 735 736 737
167 183 725 746 749
179 181 725 746 748 751
180 721 722 723 752
49 179 180 187 746 749 752 753 758
180 721 750 751 753 754
190 751 752 754 756 758
189 190 719 720 721 752 753
188 192 758 761 763
189 190 191 753 757 758 766 767
188 191 756 758
49 188 751 753 755 756 757 759 761
49 758 760 761 778
48 49 187 196 759 778
48 192 194 195 755 758 759 762 778
194 195 761 763 764 769 770
188 191 192 194 755 762 764 765 766
193 762 763 765 769
193 763 764 766 767
191 756 763 765 767
189 193 756 765 766 768 771
193 767 769 771
193 762 764 768 770 771
195 762 769 771 772
767 768 769 770 772 773 774 784 831
47 195 770 771 774
47 50 771 774 775 784
47 771 772 773
47 48 50 195 196 773 777
50 742 743 777 781 782
50 187 196 743 775 776
48 759 760 761
197 198 199 740 780 795
199 779 781 783 785 795 796
185 199 742 776 780 782 783
50 776 781 783 784
780 781 782 784 785
50 771 773 782 783 785 831
780 783 784 787 789 796 831
787 788 792 793 794 796 808
785 786 788 789 796
786 787 789 790 792 829
208 785 787 788 827 829 831
788 792 828 829
205 206 207 792 808 825
207 786 788 790 791 808 828
197 203 786 794 808
197 786 793 796
197 779 780 796
197 780 785 786 787 794 795
201 202 671 799 800 801
11 45 52 197 198 201 202 203 740
201 203 797 800 805 806 807 811
165 166 671 797 799 803 805
202 671 738 739 797 802
46 671 672 673 738 801
165 166 800 804 814
14 165 659 669 670 803 814
43 166 799 800 811
205 799 807 810 811
203 205 799 806 808
203 205 786 791 792 793 807
43 810 811 812 824 826
205 806 809 811 825 826
43 799 805 806 809 810
43 809 814 818 820 823 824
14 658 814 817 818
14 43 166 803 804 812 813 818
816 817 819 877 879 880 883
658 815 817 883
658 813 815 816 818 819 820
812 813 814 817 820
41 815 817 820 877
41 219 812 817 818 819 823
15 832 834 836
207 209 220 830 832
51 204 219 812 820 824
204 206 809 812 823 826
205 206 791 810 826
206 809 810 824 825
208 209 211 789 830 831
207 790 792 829 830
208 788 789 790 828 830
207 208 209 822 827 828 829
211 771 784 785 789 827 833 835 846 1014
15 209 211 220 821 822 835 836
210 831 835 844 846
15 218 821 836 837 838 839
15 210 211 831 832 833 842
41 220 821 832 834 837
41 218 834 836
217 218 834 839 856
15 834 838 840 841 842 856
839 841 843 855 856
839 840 842 843
15 210 835 839 841 843 844
840 841 842 844 845 847 855
210 833 842 843 846 847
843 847 848 854 855
212 214 831 833 844 847 1014
55 212 843 844 845 846 848
55 845 847 849 854
54 55 213 848 852 854
53 54 55 212 214
216 862 1006 1007
54 213 216 849 853 1007
213 216 852 857
56 213 845 848 849 855
56 215 840 843 845 854 856
215 217 838 839 840 855
213 216 853 861 874
859 860 870 871 873
858 860 861 873 874
232 858 859 861 871
61 216 232 857 859 860 862 874
61 216 851 861 1005 1006
231 864 866 928 992 993
863 865 866 867 993 994
232 864 867 868 994 995
863 864 867 923 924 927 928
864 865 866 868 923
232 865 867 871 923
41 217 218 870 871 872 875 877
858 869 871 872 873
232 858 860 868 869 870 875 923
56 215 217 869 870 873
56 213 858 859 870 872 874
213 857 859 861 873
869 871 876 877 878 923 925
875 878 879 925
41 815 819 869 875 878 879
875 876 877 879
815 876 877 878 880 885 925
815 879 881 883 884 885
223 880 882 883 884 890 892
42 656 657 881 883 892
657 658 815 816 880 881 882
223 880 881 885
223 879 880 884 886 925
57 58 223 224 885 925
888 889 903 904 905
58 223 887 889 890 893 904
58 887 888 905 922
223 881 888 891 892 893
656 890 892 893 894
656 881 882 890 891
888 890 891 894 895 904
652 654 656 891 893 895
652 893 894 896 904
2 652 895 897 899 900 901 904
2 95 896 898 899
2 95 641 642 644 645 650 897
95 382 896 897 900 910
896 899 901 909 910 915
896 900 902 904 907 909
901 903 904 907
887 902 904 905 907
887 888 893 895 896 901 902 903
227 887 889 903 906 907 921 922
227 905 907 908 909 943
901 902 903 905 906 909
906 909 914 915 943
900 901 906 907 908 915
370 371 372 382 899 900 915
82 228 913 914 943 945
94 369 371 913 914 915
82 336 337 367 368 369 911 912 914
908 911 912 913 915 943
371 900 908 909 910 912 914
227 229 238 941
918 919 924 926 927
917 919 920 926 940 941
230 917 918 920 924
227 230 918 919 921 941
224 227 230 905 920 922
57 58 224 889 905 921
221 230 866 867 868 871 875 924 925
230 866 917 919 923 927
221 224 875 876 879 885 886 923
917 918 927 928 940
866 917 924 926 928
863 866 926 927 940 992
930 931 936 937 938 940 992
929 931 932 933 936
231 250 929 930 932 992
250 930 931 933 934 990
234 235 930 932 934 935 936 971
932 933 971 972 978 988 990
234 236 933 952 971
235 929 930 933 937
235 238 929 936 938
238 929 937 939 940 941
938 940 941
918 926 928 929 938 939 941 992
227 238 916 918 920 938 939 940
228 229 237 238 943 944
227 228 229 906 908 911 914 942
22 228 237 942 945
22 82 228 911 944 947 948
82 334 336 947
82 324 326 334 945 946 948
3 22 324 945 947 949 950 954 957
3 16 948 957
22 237 948 951 953 954
234 235 236 237 950 953 969 970
233 236 935 970 971 973
950 951 954 955 967 969
3 948 950 953 955
3 242 953 954 956 967
3 16 21 241 242 955 959 960 964
16 323 324 325 948 949
240 241 321 323 959
241 321 956 958 960
21 239 321 956 959 961
5 21 239 960 962
5 21 243 961
21 242 243 964 965 967
21 242 956 963
243 963 966 967 974 976
965 967 968 969 974
242 953 955 963 965 966 969
233 966 969 970 973 974
951 953 966 967 968 970
236 951 952 968 969 973
233 933 934 935 952 972
59 233 245 934 971 974 978
233 952 968 970
233 244 245 965 966 968 972 976
244 245 247 979
243 244 965 974 979
246 979 980
59 934 972 980 986 988
243 244 246 247 256 975 976 977 980
59 246 247 977 978 979 981 982 986
980 982 983 984 985 986 999 1018
246 256 980 981 1018 1020
981 998 999 1016 1017 1018
981 985 986
249 981 984 986 987 988 999
978 980 981 984 985 988
248 249 985 988 989
248 934 978 985 986 987 990
248 249 987 990 991 999 1000
248 250 932 934 988 989 991
250 989 990 996 1000
231 863 928 929 931 940
231 250 863 864 994
250 864 865 993 995 996
60 232 865 994 996
60 250 991 994 995 1000
60 61 998 1000 1003 1004
983 997 999 1000 1003 1016
249 981 983 985 989 998 1000
60 989 991 996 997 998 999
62 253 1003 1010 1016 1017 1019
62 1003 1004 1005 1006 1007
62 997 998 1001 1002 1004 1016
61 997 1002 1003 1005
61 862 1002 1004 1006
851 862 1002 1005 1007
53 54 62 216 851 852 1002 1006 1009
53 214 1009 1010 1011 1012
53 62 1007 1008 1010
62 64 253 1001 1008 1009 1011
64 252 1008 1010 1012
214 252 1008 1011 1014
63 251 253 255 1019 1024
64 214 252 256 831 846 1012 1015 1024
64 251 253 1014 1024
983 998 1001 1003 1017
983 1001 1016 1018 1019 1020 1021
981 982 983 1017 1020
253 254 255 1001 1013 1017 1021
256 982 1017 1018 1021 1023
254 255 1017 1019 1020 1022 1023
63 255 1021 1023
63 256 1020 1021 1022 1024
63 251 256 1013 1014 1015 1023
