1258
53 105 157 158 159 160 161 162 163 164 165 166 882 883 935 986 987 988 989 991 992 996 999 1003 1016 1017 1018 1029 1032 1033 1035 1200 1201 1202 1229 1231 1236 1242
54 106 167 168 169 170 171 172 173 174 175 176 882 884 936 986 987 988 989 990 991 992 996 999 1003 1016 1017 1018 1029 1032 1033 1035 1200 1201 1202 1229 1231 1236 1242
55 107 177 178 179 180 181 182 183 184 185 186 882 885 937 986 987 988 989 990 991 992 996 999 1003 1016 1017 1018 1029 1032 1033 1035 1200 1201 1202 1229 1231 1236 1242
56 108 187 188 189 190 191 192 193 194 195 196 882 886 938 986 987 988 989 990 991 992 996 999 1003 1016 1017 1018 1029 1032 1033 1035 1200 1201 1202 1229 1231 1236 1242
57 109 197 198 199 200 201 202 203 204 205 206 882 887 939 986 987 988 989 990 991 992 996 999 1003 1016 1017 1018 1029 1032 1033 1035 1200 1201 1202 1229 1231 1236 1242
58 110 207 208 209 210 211 212 213 214 215 216 882 888 940 986 987 988 989 990 991 992 996 999 1003 1016 1017 1018 1029 1032 1033 1035 1200 1201 1202 1229 1231 1236 1242
59 111 217 218 219 220 221 222 223 224 225 226 882 889 941 986 987 988 989 990 991 992 996 999 1003 1016 1017 1018 1029 1032 1033 1035 1200 1201 1202 1229 1231 1236 1242
60 112 227 228 229 230 231 232 233 234 235 236 882 890 942 986 987 988 989 990 991 992 996 999 1003 1016 1017 1018 1029 1032 1033 1035 1200 1201 1202 1229 1231 1236 1242
61 113 237 882 891 986 987 989 994 1016 1017 1018 1020 1024 1029 1032 1033 1035 1199 1231 1237 1242
62 114 238 882 892 988 989 990 992 1021 1024 1025 1032 1033 1035 1202 1203 1234 1236 1237 1238
63 115 239 882 893 993 999 1016 1017 1024 1032 1033 1035 1206 1237
64 116 240 882 894 993 995 1001 1016 1024 1032 1033 1035 1206 1212 1237
65 117 241 882 895 1024 1025 1029 1031 1032 1033 1035 1237
66 118 242 882 896 995 999 1016 1017 1022 1024 1029 1032 1033 1035 1214 1237
67 119 243 882 897 992 1021 1024 1029 1032 1033 1035 1205 1237
68 120 244 882 898 1016 1023 1024 1029 1032 1033 1035 1229 1236 1237 1242
69 121 245 882 899 1017 1023 1024 1028 1032 1033 1035 1237
70 122 246 882 900 1003 1016 1017 1032 1033 1035
71 123 247 882 901 1017 1023 1024 1032 1033 1035 1219 1237
72 124 248 882 902 1016 1024 1032 1033 1035 1237
73 125 249 882 903 1025 1027 1028 1029 1032 1033 1035 1221
74 126 250 882 904 1028 1032 1033 1035
75 127 251 882 905 1024 1028 1032 1033 1035 1223 1237
76 128 252 882 906 1017 1024 1028 1029 1032 1033 1035 1231 1237 1241
77 129 253 882 907 999 1017 1023 1024 1028 1029 1032 1033 1035 1225 1237
78 130 254 882 908 1017 1018 1023 1024 1028 1029 1032 1033 1035 1226 1237
79 131 255 882 909 1017 1023 1024 1025 1028 1029 1031 1032 1033 1035 1237
80 132 256 882 910 999 1017 1023 1024 1028 1032 1033 1035 1228 1229 1236 1237
81 133 257 882 911 999 1016 1017 1021 1024 1028 1029 1032 1033 1035 1229 1236 1237
82 134 258 882 912 993 995 998 999 1016 1017 1022 1024 1032 1033 1035 1206 1211 1212 1230 1231 1236 1237
83 135 259 882 913 1017 1018 1024 1029 1032 1033 1035 1231 1237
84 136 260 882 914 994 995 1017 1021 1024 1029 1032 1033 1035 1237
85 137 261 882 915 990 992 994 996 1003 1017 1020 1021 1024 1032 1033 1035 1237
86 138 262 882 916 992 994 1020 1024 1026 1032 1033 1035 1203 1234 1237
87 139 263 882 917 995 999 1017 1024 1032 1033 1035 1235 1237
88 140 264 882 918 996 1017 1023 1024 1029 1032 1033 1035 1236 1237
89 141 265 882 919 1023 1024 1029 1031 1032 1033 1035 1237
90 142 266 882 920 1024 1025 1029 1032 1033 1035 1237
91 143 267 882 921 1024 1026 1032 1033 1035 1237
92 144 268 882 922 1025 1027 1029 1031 1032 1033 1035 1240
93 145 269 882 923 1016 1024 1028 1029 1031 1032 1033 1035 1237 1241
94 146 270 882 924 994 996 1003 1016 1017 1018 1020 1021 1022 1024 1027 1028 1032 1033 1035 1237 1242
95 147 271 882 925 1010 1024 1029 1032 1033 1035 1223 1237
96 148 272 882 926 1017 1024 1032 1033 1035 1039 1223 1237
97 149 273 882 927 1017 1024 1028 1029 1032 1033 1035 1237 1241 1242
98 150 274 882 928 1003 1017 1018 1023 1032 1033 1035 1236
99 151 275 882 929 1000 1010 1014 1016 1017 1018 1023 1025 1028 1029 1030 1032 1033 1035 1213 1227 1229 1231 1236 1238 1241
100 152 276 882 930 1003 1017 1032 1033 1216 1236
101 153 277 882 931 1014 1016 1017 1025 1030 1032 1033 1035
102 154 278 882 932 1032 1033 1250
103 155 279
104 156 280
1 105 882 883 935 1094
2 106 882 884 936 1094
3 107 882 885 937 1094
4 108 882 886 938 1094
5 109 882 887 939 1094
6 110 882 888 940 1094
7 111 882 889 941 1094
8 112 882 890 942 1094
9 113 882 891 1094
10 114 882 892 1094
11 115 882 893 1094
12 116 882 894 1094
13 117 882 895 1094
14 118 882 896 1094
15 119 882 897 1094
16 120 882 898 1094
17 121 882 899 1094
18 122 882 900 1094
19 123 882 901 1094
20 124 882 902 1094
21 125 882 903 1094
22 126 882 904 1094
23 127 882 905 1094
24 128 882 906 1094
25 129 882 907 1094
26 130 882 908 1094
27 131 882 909 1094
28 132 882 910 1094
29 133 882 911 1094
30 134 882 912 1094
31 135 882 913 1094
32 136 882 914 1094
33 137 882 915 1094
34 138 882 916 1094
35 139 882 917 1094
36 140 882 918 1094
37 141 882 919 1094
38 142 882 920 1094
39 143 882 921 1094
40 144 882 922 1094
41 145 882 923 1094
42 146 882 924 1094
43 147 882 925 1094
44 148 882 926 1094
45 149 882 927 1094
46 150 882 928 1094
47 151 882 929 1094
48 152 882 930 1094
49 153
50 154 882 932
51 155 882 933 1094
52 156 882 934 1094
1 53 157 882 883 935 1095
2 54 158 882 884 936 1096
3 55 159 882 885 937 1097
4 56 160 882 886 938 1098
5 57 161 882 887 939 1099
6 58 162 882 888 940 1100
7 59 163 882 889 941 1101
8 60 164 882 890 942 1102
9 61 165 882 891 943 1103
10 62 166 882 892 944 1104
11 63 167 882 893 945 1105
12 64 168 882 894 946 1106
13 65 169 882 895 947 1107
14 66 170 882 896 948 1108
15 67 171 882 897 949 1109
16 68 172 882 898 950 1110
17 69 173 882 899 951 1111
18 70 174 882 900 952 1112
19 71 175 882 901 953 1113
20 72 176 882 902 954 1114
21 73 177 882 903 955 1115
22 74 178 882 904 956 1116
23 75 179 882 905 957 1117
24 76 180 882 906 958 1118
25 77 181 882 907 959 1119
26 78 182 882 908 960 1120
27 79 183 882 909 961 1121
28 80 184 882 910 962 1122
29 81 185 882 911 963 1123
30 82 186 882 912 964 1124
31 83 187 882 913 965 1125
32 84 188 882 914 966 1126
33 85 189 882 915 967 1127
34 86 190 882 916 968 1128
35 87 191 882 917 969 1129
36 88 192 882 918 970 1130
37 89 193 882 919 971 1131
38 90 194 882 920 972 1132
39 91 195 882 921 973 1133
40 92 196 882 922 974 1134
41 93 197 882 923 975 1135
42 94 198 882 924 976 1136
43 95 199 882 925 977 1137
44 96 200 882 926 978 1138
45 97 201 882 927 979 1139
46 98 202 882 928 980 1140
47 99 203 882 929 981 1141
48 100 204 882 930 982 1142
49 101 205 931 983 1143
50 102 206 882 932 984 1144
51 103 207 882 985 1145
52 104 208 882 986 1146
1 105 209 774 775 776 777 778 779 780 781 782 783 1147
1 106 210 774 775 776 777 778 779 780 781 782 783 1148
1 107 211 774 775 776 777 778 779 780 781 782 783 1149
1 108 212 774 775 776 777 778 779 780 781 782 783 1150
1 109 213 774 775 776 777 778 779 780 781 782 783 1151
1 110 214 774 775 776 777 778 779 780 781 782 783 1152
1 111 215 774 775 776 777 778 779 780 781 782 783 1153
1 112 216 774 775 776 777 778 779 780 781 782 783 1154
1 113 217 774 775 776 777 778 779 780 781 782 783 1155
1 114 218 774 775 776 777 778 779 780 781 782 783 1156
2 115 219 774 775 776 777 778 779 780 781 782 783 1157
2 116 220 774 775 776 777 778 779 780 781 782 783 1158
2 117 221 774 775 776 777 778 779 780 781 782 783 1159
2 118 222 774 775 776 777 778 779 780 781 782 783 1160
2 119 223 774 775 776 777 778 779 780 781 782 783 1161
2 120 224 774 775 776 777 778 779 780 781 782 783 1162
2 121 225 774 775 776 777 778 779 780 781 782 783 1163
2 122 226 774 775 776 777 778 779 780 781 782 783 1164
2 123 227 774 775 776 777 778 779 780 781 782 783 1165
2 124 228 774 775 776 777 778 779 780 781 782 783 1166
3 125 229 774 775 776 777 778 779 780 781 782 783 1167
3 126 230 774 775 776 777 778 779 780 781 782 783 1168
3 127 231 774 775 776 777 778 779 780 781 782 783 1169
3 128 232 774 775 776 777 778 779 780 781 782 783 1170
3 129 233 774 775 776 777 778 779 780 781 782 783 1171
3 130 234 774 775 776 777 778 779 780 781 782 783 1172
3 131 235 774 775 776 777 778 779 780 781 782 783 1173
3 132 236 774 775 776 777 778 779 780 781 782 783 1174
3 133 237 774 775 776 777 778 779 780 781 782 783 1175
3 134 238 774 775 776 777 778 779 780 781 782 783 1176
4 135 239 774 775 776 777 778 779 780 781 782 783 1177
4 136 240 774 775 776 777 778 779 780 781 782 783 1178
4 137 241 774 775 776 777 778 779 780 781 782 783 1179
4 138 242 774 775 776 777 778 779 780 781 782 783 1180
4 139 243 774 775 776 777 778 779 780 781 782 783 1181
4 140 244 774 775 776 777 778 779 780 781 782 783 1182
4 141 245 774 775 776 777 778 779 780 781 782 783 1183
4 142 246 774 775 776 777 778 779 780 781 782 783 1184
4 143 247 774 775 776 777 778 779 780 781 782 783 1185
4 144 248 774 775 776 777 778 779 780 781 782 783 1186
5 145 249 774 775 776 777 778 779 780 781 782 783 1187
5 146 250 774 775 776 777 778 779 780 781 782 783 1188
5 147 251 774 775 776 777 778 779 780 781 782 783 1189
5 148 252 774 775 776 777 778 779 780 781 782 783 1190
5 149 253 774 775 776 777 778 779 780 781 782 783 1191
5 150 254 774 775 776 777 778 779 780 781 782 783 1192
5 151 255 774 775 776 777 778 779 780 781 782 783 1193
5 152 256 774 775 776 777 778 779 780 781 782 783 1194
5 153 257 774 775 776 777 778 779 780 781 782 783 1195
5 154 258 774 775 776 777 778 779 780 781 782 783 1196
6 155 259 774 775 776 777 778 779 780 781 782 783 1197
6 156 260 774 775 776 777 778 779 780 781 782 783 1198
6 157 261 774 775 776 777 778 779 780 781 782 783 1040
6 158 262 774 775 776 777 778 779 780 781 782 783 1041
6 159 263 774 775 776 777 778 779 780 781 782 783 1042
6 160 264 774 775 776 777 778 779 780 781 782 783 1043
6 161 265 774 775 776 777 778 779 780 781 782 783 1044
6 162 266 774 775 776 777 778 779 780 781 782 783 1045
6 163 267 774 775 776 777 778 779 780 781 782 783 1046
6 164 268 774 775 776 777 778 779 780 781 782 783 1047
7 165 269 774 775 776 777 778 779 780 781 782 783 1048
7 166 270 774 775 776 777 778 779 780 781 782 783 1049
7 167 271 774 775 776 777 778 779 780 781 782 783 1040
7 168 272 774 775 776 777 778 779 780 781 782 783 1041
7 169 273 774 775 776 777 778 779 780 781 782 783 1042
7 170 274 774 775 776 777 778 779 780 781 782 783 1043
7 171 275 774 775 776 777 778 779 780 781 782 783 1044
7 172 276 774 775 776 777 778 779 780 781 782 783 1045
7 173 277 774 775 776 777 778 779 780 781 782 783 1046
7 174 278 774 775 776 777 778 779 780 781 782 783 1047
8 175 279 774 775 776 777 778 779 780 781 782 783 1048
8 176 280 774 775 776 777 778 779 780 781 782 783 1049
8 177 281 774 775 776 777 778 779 780 781 782 783 1040
8 178 282 774 775 776 777 778 779 780 781 782 783 1041
8 179 283 774 775 776 777 778 779 780 781 782 783 1042
8 180 284 774 775 776 777 778 779 780 781 782 783 1043
8 181 285 774 775 776 777 778 779 780 781 782 783 1044
8 182 286 774 775 776 777 778 779 780 781 782 783 1045
8 183 287 774 775 776 777 778 779 780 781 782 783 1046
8 184 288 774 775 776 777 778 779 780 781 782 783 1047
9 185 289 1048
10 186 290 1049
11 187 291 1040
12 188 292 1041
13 189 293 1042
14 190 294 1043
15 191 295 1044
16 192 296 1045
17 193 297 1046
18 194 298 1047
19 195 299 1048
20 196 300 1049
21 197 301 1040
22 198 302 1041
23 199 303 1042
24 200 304 1043
25 201 305 1044
26 202 306 1045
27 203 307 1046
28 204 308 1047
29 205 309 1048
30 206 310 1049
31 207 311 1040
32 208 312 1041
33 209 313 1042
34 210 314 1043
35 211 315 1044
36 212 316 1045
37 213 317 1046
38 214 318 1047
39 215 319 1048
40 216 320 1049
41 217 321 1040
42 218 322 1041
43 219 323 1042
44 220 324 1043
45 221 325 1044
46 222 326 1045
47 223 327 1046
48 224 328 1047
49 225 329 1048
50 226 330 1049
51 227 331 1040
52 228 332 1041
229 718 722 723 724 725 726 727 728 729 1042
230 719 730 731 732 733 734 735 736 737 738 739 740 741 742 743 744 745 746 747 748 749 750 751 752 753 754 755 756 757 758 759 760 761 762 763 1043
231 720 764 765 1044
232 721 766 767 768 769 770 1045
233 333 441 1046
234 334 442 1047
235 335 443 1048
236 336 444 777 831 1049
237 337 445 778 832 1050
238 338 446 1051
239 339 447 780 834 1052
240 340 448 1053
241 341 449 782 836 1054
242 342 450 783 837 1055
243 343 451 784 838 1056
244 344 452 785 839 1057
245 345 453 786 840 1058
246 346 454 1059
247 347 455 1060
248 348 456 789 843 1061
249 349 457 790 844 1062
250 350 458 791 845 1063
251 351 459 792 846 1064
252 352 460 793 847 1065
253 353 461 794 848 1066
254 354 462 795 849 1067
255 355 463 796 850 1068
256 356 464 1069
257 357 465 798 852 1070
258 358 466 799 853 1071
259 359 467 1072
260 360 468 1073
261 361 469 1074
262 362 470 803 857 1075
263 363 471 804 858 1076
264 364 472 805 859 1077
265 365 473 806 860 1078
266 366 474 807 861 1079
267 367 475 808 862 1080
268 368 476 809 863 1081
269 369 477 810 864 1082
270 370 478 811 865 1083
271 371 479 1084
272 372 480 813 867 1085
273 373 481 1086
274 374 482 815 869 1087
275 375 483 816 870 1088
276 376 484 817 871 1089
277 377 485 1090
278 378 486 1091
279 379 487 1092
280 380 488 1093
285 381 489
286 382 490
287 383 491
288 384 492 989
289 385 493 990
290 386 494
291 387 441 774 828 992
292 388 442 775 829
293 389 443 776 830 994
294 390 444 777 831 995
295 391 445 778 832 996
296 392 446 779 833 997
297 393 447 780 834 998
298 394 448 781 835
299 395 449 782 836 1000
300 396 450 783 837 1001
301 397 451 784 838 1002
302 398 452 785 839 1003
303 399 453 786 840 1004
304 400 454 787 841 1005
305 401 455 788 842 1006
306 402 456 789 843 1007
307 403 457 790 844 1008
308 404 458 791 845
309 405 459 792 846
310 406 460 793 847 1011
311 407 461 794 848
312 408 462 795 849
313 409 463 796 850
314 410 464 797 851 1015
315 411 465 1016
316 412 466 799 853 1017
317 413 467 800 854 1018
318 414 468 801 855 1019
319 415 469 802 856 1020
320 416 470 803 857 1021
321 417 471 804 858 1022
322 418 472 805 859 1023
323 419 473 806 860 1024
324 420 474 807 861 1025
325 421 475 808 862 1026
326 422 476 809 863 1027
327 423 477 810 864 1028
328 424 478 811 865 1029
329 425 479 812 866
330 426 480 813 867
331 427 481 814 868 1032
332 428 482 815 869 1033
333 429 483 816 870
334 430 484 817 871 1035
335 431 485 818 872 1036
336 432 486 819 873
337 433 487 820 874
338 434 488 821 875
339 435 489 822 876
340 436 490 823 877
341 437 491 824 878
342 438 492 825 879 1202
343 439 493 826 880 1203
344 440 494 827 881 1204
345 774 987 1205
346 775 988
347 776 989 1207
348 777 831 990 1208
349 778 832 991 1209
350 779 992 1210
351 780 834 993 1211
352 781 994
353 782 836 995
354 783 837 996 1214
355 784 838 997 1215
356 785 839 998 1216
357 786 840 999 1217
358 787 1000 1218
359 788 1001 1219
360 789 843 1002 1220
361 790 844 1003 1221
362 791 845 1004
363 792 846 1005 1223
364 793 847 1006 1224
365 794 848 1007
366 795 849 1008
367 796 850 1009
368 797 1010 1228
369 852 1011 1229
370 799 853 1012 1230
371 800 1013 1231
372 801 1014 1232
373 802 1015 1233
374 803 857 1016 1234
375 804 858 1017 1235
376 805 859 1018 1236
377 806 860 1019
378 807 861 1020 1238
379 808 862 1021 1239
380 809 863 1022 1240
381 810 864 1023 1241
382 811 865 1024 1242
383 812 1025 1243
384 813 867 1026 1244
385 814 1027 1245
386 815 869 1028 1246
387 816 870 1029 1247
388 817 871 1030 1248
389 818 1031 1249
390 819 1032
391 820 1033 1251
392 821 1034 1252
285 339 447 822 1035
286 340 448 823 1036
287 341 449 824 1037
288 342 450 825 1038
289 343 451 826 1039
290 344 452 827 1040
291 345 441 453 987 990 991 993 995 996 997 998 999 1001 1002 1003 1004 1005 1006 1007 1008 1009 1011 1012 1016 1017 1018 1019 1020 1021 1022 1023 1024 1025 1026 1027 1028 1029 1030 1033 1034 1036 1037 1210
292 346 442 454 988 990 991 993 995 996 997 998 999 1001 1002 1003 1004 1005 1006 1007 1008 1009 1011 1012 1016 1017 1018 1019 1020 1021 1022 1023 1024 1025 1026 1027 1028 1029 1030 1033 1034 1036 1037 1210
293 347 443 455 989 990 991 993 995 996 997 998 999 1001 1002 1003 1004 1005 1006 1007 1008 1009 1011 1012 1016 1017 1018 1019 1020 1021 1022 1023 1024 1025 1026 1027 1028 1029 1030 1033 1034 1036 1037 1210
294 348 444 456 990 991 993 995 996 997 998 999 1001 1002 1003 1004 1005 1006 1007 1008 1009 1011 1012 1016 1017 1018 1019 1020 1021 1022 1023 1024 1025 1026 1027 1028 1029 1030 1033 1034 1036 1037 1210
295 349 445 457 990 991 993 995 996 997 998 999 1001 1002 1003 1004 1005 1006 1007 1008 1009 1011 1012 1016 1017 1018 1019 1020 1021 1022 1023 1024 1025 1026 1027 1028 1029 1030 1033 1034 1036 1037 1210
296 350 446 458 990 991 992 993 995 996 997 998 999 1001 1002 1003 1004 1005 1006 1007 1008 1009 1011 1012 1016 1017 1018 1019 1020 1021 1022 1023 1024 1025 1026 1027 1028 1029 1030 1033 1034 1036 1037 1210
297 351 447 459 990 991 993 995 996 997 998 999 1001 1002 1003 1004 1005 1006 1007 1008 1009 1011 1012 1016 1017 1018 1019 1020 1021 1022 1023 1024 1025 1026 1027 1028 1029 1030 1033 1034 1036 1037 1210
298 352 448 460 990 991 993 994 995 996 997 998 999 1001 1002 1003 1004 1005 1006 1007 1008 1009 1011 1012 1016 1017 1018 1019 1020 1021 1022 1023 1024 1025 1026 1027 1028 1029 1030 1033 1034 1036 1037 1210
299 353 449 461 990 991 993 995 996 997 998 999 1001 1002 1003 1004 1005 1006 1007 1008 1009 1011 1012 1016 1017 1018 1019 1020 1021 1022 1023 1024 1025 1026 1027 1028 1029 1030 1033 1034 1036 1037 1210
300 354 450 462 990 991 993 995 996 997 998 999 1001 1002 1003 1004 1005 1006 1007 1008 1009 1011 1012 1016 1017 1018 1019 1020 1021 1022 1023 1024 1025 1026 1027 1028 1029 1030 1033 1034 1036 1037 1210
301 355 451 463 990 991 993 995 996 997 998 999 1001 1002 1003 1004 1005 1006 1007 1008 1009 1011 1012 1016 1017 1018 1019 1020 1021 1022 1023 1024 1025 1026 1027 1028 1029 1030 1033 1034 1036 1037 1210
302 356 452 464 990 991 993 995 996 997 998 999 1001 1002 1003 1004 1005 1006 1007 1008 1009 1011 1012 1016 1017 1018 1019 1020 1021 1022 1023 1024 1025 1026 1027 1028 1029 1030 1033 1034 1036 1037 1210
303 357 453 465 990 991 993 995 996 997 998 999 1001 1002 1003 1004 1005 1006 1007 1008 1009 1011 1012 1016 1017 1018 1019 1020 1021 1022 1023 1024 1025 1026 1027 1028 1029 1030 1033 1034 1036 1037 1210
304 358 454 466 990 991 993 995 996 997 998 999 1000 1001 1002 1003 1004 1005 1006 1007 1008 1009 1011 1012 1016 1017 1018 1019 1020 1021 1022 1023 1024 1025 1026 1027 1028 1029 1030 1033 1034 1036 1037 1210
305 359 455 467 990 991 993 995 996 997 998 999 1001 1002 1003 1004 1005 1006 1007 1008 1009 1011 1012 1016 1017 1018 1019 1020 1021 1022 1023 1024 1025 1026 1027 1028 1029 1030 1033 1034 1036 1037 1210
306 360 456 468 990 991 993 995 996 997 998 999 1001 1002 1003 1004 1005 1006 1007 1008 1009 1011 1012 1016 1017 1018 1019 1020 1021 1022 1023 1024 1025 1026 1027 1028 1029 1030 1033 1034 1036 1037 1210
307 361 457 469 990 991 993 995 996 997 998 999 1001 1002 1003 1004 1005 1006 1007 1008 1009 1011 1012 1016 1017 1018 1019 1020 1021 1022 1023 1024 1025 1026 1027 1028 1029 1030 1033 1034 1036 1037 1210
308 362 458 470 990 991 993 995 996 997 998 999 1001 1002 1003 1004 1005 1006 1007 1008 1009 1011 1012 1016 1017 1018 1019 1020 1021 1022 1023 1024 1025 1026 1027 1028 1029 1030 1033 1034 1036 1037 1210
309 363 459 471 990 991 993 995 996 997 998 999 1001 1002 1003 1004 1005 1006 1007 1008 1009 1011 1012 1016 1017 1018 1019 1020 1021 1022 1023 1024 1025 1026 1027 1028 1029 1030 1033 1034 1036 1037 1210
310 364 460 472 990 991 993 995 996 997 998 999 1001 1002 1003 1004 1005 1006 1007 1008 1009 1011 1012 1016 1017 1018 1019 1020 1021 1022 1023 1024 1025 1026 1027 1028 1029 1030 1033 1034 1036 1037 1210
311 365 461 473 990 991 993 995 996 997 998 999 1001 1002 1003 1004 1005 1006 1007 1008 1009 1011 1012 1016 1017 1018 1019 1020 1021 1022 1023 1024 1025 1026 1027 1028 1029 1030 1033 1034 1036 1037 1210
312 366 462 474 990 991 993 995 996 997 998 999 1001 1002 1003 1004 1005 1006 1007 1008 1009 1011 1012 1016 1017 1018 1019 1020 1021 1022 1023 1024 1025 1026 1027 1028 1029 1030 1033 1034 1036 1037 1210
313 367 463 475 990 991 993 995 996 997 998 999 1001 1002 1003 1004 1005 1006 1007 1008 1009 1011 1012 1016 1017 1018 1019 1020 1021 1022 1023 1024 1025 1026 1027 1028 1029 1030 1033 1034 1036 1037 1210
314 368 464 476 990 991 993 995 996 997 998 999 1001 1002 1003 1004 1005 1006 1007 1008 1009 1010 1011 1012 1016 1017 1018 1019 1020 1021 1022 1023 1024 1025 1026 1027 1028 1029 1030 1033 1034 1036 1037 1210
315 369 465 477 990 991 993 995 996 997 998 999 1001 1002 1003 1004 1005 1006 1007 1008 1009 1011 1012 1016 1017 1018 1019 1020 1021 1022 1023 1024 1025 1026 1027 1028 1029 1030 1033 1034 1036 1037 1210
316 370 466 478 990 991 993 995 996 997 998 999 1001 1002 1003 1004 1005 1006 1007 1008 1009 1011 1012 1016 1017 1018 1019 1020 1021 1022 1023 1024 1025 1026 1027 1028 1029 1030 1033 1034 1036 1037 1210
317 371 467 479 990 991 993 995 996 997 998 999 1001 1002 1003 1004 1005 1006 1007 1008 1009 1011 1012 1013 1016 1017 1018 1019 1020 1021 1022 1023 1024 1025 1026 1027 1028 1029 1030 1033 1034 1036 1037 1210
318 372 468 480 990 991 993 995 996 997 998 999 1001 1002 1003 1004 1005 1006 1007 1008 1009 1011 1012 1014 1016 1017 1018 1019 1020 1021 1022 1023 1024 1025 1026 1027 1028 1029 1030 1033 1034 1036 1037 1210
319 373 469 481 990 991 993 995 996 997 998 999 1001 1002 1003 1004 1005 1006 1007 1008 1009 1011 1012 1015 1016 1017 1018 1019 1020 1021 1022 1023 1024 1025 1026 1027 1028 1029 1030 1033 1034 1036 1037 1210
320 374 470 482 990 991 993 995 996 997 998 999 1001 1002 1003 1004 1005 1006 1007 1008 1009 1011 1012 1016 1017 1018 1019 1020 1021 1022 1023 1024 1025 1026 1027 1028 1029 1030 1033 1034 1036 1037 1210
321 375 471 483 990 991 993 995 996 997 998 999 1001 1002 1003 1004 1005 1006 1007 1008 1009 1011 1012 1016 1017 1018 1019 1020 1021 1022 1023 1024 1025 1026 1027 1028 1029 1030 1033 1034 1036 1037 1210
322 376 472 484 990 991 993 995 996 997 998 999 1001 1002 1003 1004 1005 1006 1007 1008 1009 1011 1012 1016 1017 1018 1019 1020 1021 1022 1023 1024 1025 1026 1027 1028 1029 1030 1033 1034 1036 1037 1210
323 377 473 485 990 991 993 995 996 997 998 999 1001 1002 1003 1004 1005 1006 1007 1008 1009 1011 1012 1016 1017 1018 1019 1020 1021 1022 1023 1024 1025 1026 1027 1028 1029 1030 1033 1034 1036 1037 1210
324 378 474 486 990 991 993 995 996 997 998 999 1001 1002 1003 1004 1005 1006 1007 1008 1009 1011 1012 1016 1017 1018 1019 1020 1021 1022 1023 1024 1025 1026 1027 1028 1029 1030 1033 1034 1036 1037 1210
325 379 475 487 990 991 993 995 996 997 998 999 1001 1002 1003 1004 1005 1006 1007 1008 1009 1011 1012 1016 1017 1018 1019 1020 1021 1022 1023 1024 1025 1026 1027 1028 1029 1030 1033 1034 1036 1037 1210
326 380 476 488 990 991 993 995 996 997 998 999 1001 1002 1003 1004 1005 1006 1007 1008 1009 1011 1012 1016 1017 1018 1019 1020 1021 1022 1023 1024 1025 1026 1027 1028 1029 1030 1033 1034 1036 1037 1210
327 381 477 489 990 991 993 995 996 997 998 999 1001 1002 1003 1004 1005 1006 1007 1008 1009 1011 1012 1016 1017 1018 1019 1020 1021 1022 1023 1024 1025 1026 1027 1028 1029 1030 1033 1034 1036 1037 1210
328 382 478 490 990 991 993 995 996 997 998 999 1001 1002 1003 1004 1005 1006 1007 1008 1009 1011 1012 1016 1017 1018 1019 1020 1021 1022 1023 1024 1025 1026 1027 1028 1029 1030 1033 1034 1036 1037 1210
329 383 479 491 990 991 993 995 996 997 998 999 1001 1002 1003 1004 1005 1006 1007 1008 1009 1011 1012 1016 1017 1018 1019 1020 1021 1022 1023 1024 1025 1026 1027 1028 1029 1030 1033 1034 1036 1037 1210
330 384 480 492 990 991 993 995 996 997 998 999 1001 1002 1003 1004 1005 1006 1007 1008 1009 1011 1012 1016 1017 1018 1019 1020 1021 1022 1023 1024 1025 1026 1027 1028 1029 1030 1033 1034 1036 1037 1210
331 385 481 493 990 991 993 995 996 997 998 999 1001 1002 1003 1004 1005 1006 1007 1008 1009 1011 1012 1016 1017 1018 1019 1020 1021 1022 1023 1024 1025 1026 1027 1028 1029 1030 1033 1034 1036 1037 1210
332 386 482 494 990 991 993 995 996 997 998 999 1001 1002 1003 1004 1005 1006 1007 1008 1009 1011 1012 1016 1017 1018 1019 1020 1021 1022 1023 1024 1025 1026 1027 1028 1029 1030 1033 1034 1036 1037 1210
333 387 483 495 990 991 993 995 996 997 998 999 1001 1002 1003 1004 1005 1006 1007 1008 1009 1011 1012 1016 1017 1018 1019 1020 1021 1022 1023 1024 1025 1026 1027 1028 1029 1030 1033 1034 1036 1037 1210
334 388 484 496 990 991 993 995 996 997 998 999 1001 1002 1003 1004 1005 1006 1007 1008 1009 1011 1012 1016 1017 1018 1019 1020 1021 1022 1023 1024 1025 1026 1027 1028 1029 1030 1033 1034 1036 1037 1210
335 389 485 497 990 991 993 995 996 997 998 999 1001 1002 1003 1004 1005 1006 1007 1008 1009 1011 1012 1016 1017 1018 1019 1020 1021 1022 1023 1024 1025 1026 1027 1028 1029 1030 1031 1033 1034 1036 1037 1210
336 390 486 498 990 991 993 995 996 997 998 999 1001 1002 1003 1004 1005 1006 1007 1008 1009 1011 1012 1016 1017 1018 1019 1020 1021 1022 1023 1024 1025 1026 1027 1028 1029 1030 1032 1033 1034 1036 1037 1210
337 391 487 499 990 991 993 995 996 997 998 999 1001 1002 1003 1004 1005 1006 1007 1008 1009 1011 1012 1016 1017 1018 1019 1020 1021 1022 1023 1024 1025 1026 1027 1028 1029 1030 1033 1034 1036 1037 1210
338 392 488 500 990 991 993 995 996 997 998 999 1001 1002 1003 1004 1005 1006 1007 1008 1009 1011 1012 1016 1017 1018 1019 1020 1021 1022 1023 1024 1025 1026 1027 1028 1029 1030 1033 1034 1036 1037 1210
489 501 986 990 991 993 995 996 997 998 999 1001 1002 1003 1004 1005 1006 1007 1008 1009 1011 1012 1016 1017 1018 1019 1020 1021 1022 1023 1024 1025 1026 1027 1028 1029 1030 1032 1033 1034 1035 1036 1037 1210 1254
490 505 990 991 993 995 996 997 998 999 1001 1002 1003 1004 1005 1006 1007 1008 1009 1011 1012 1016 1017 1018 1019 1020 1021 1022 1023 1024 1025 1026 1027 1028 1029 1030 1032 1033 1034 1036 1037 1210 1254
491 508 990 991 993 995 996 997 998 999 1001 1002 1003 1004 1005 1006 1007 1008 1009 1011 1012 1016 1017 1018 1019 1020 1021 1022 1023 1024 1025 1026 1027 1028 1029 1030 1032 1033 1034 1036 1037 1210 1254
492 514 990 991 993 995 996 997 998 999 1001 1002 1003 1004 1005 1006 1007 1008 1009 1011 1012 1016 1017 1018 1019 1020 1021 1022 1023 1024 1025 1026 1027 1028 1029 1030 1032 1033 1034 1036 1037 1038 1210 1254
493 516 990 991 993 995 996 997 998 999 1001 1002 1003 1004 1005 1006 1007 1008 1009 1011 1012 1016 1017 1018 1019 1020 1021 1022 1023 1024 1025 1026 1027 1028 1029 1030 1032 1033 1034 1036 1037 1039 1210 1254
494 534 990 991 993 995 996 997 998 999 1001 1002 1003 1004 1005 1006 1007 1008 1009 1011 1012 1016 1017 1018 1019 1020 1021 1022 1023 1024 1025 1026 1027 1028 1029 1030 1032 1033 1034 1036 1037 1040 1210 1254
495 546 1031 1032 1033 1041 1254
555 1042
556 1043
557 1044
496 558 1045
559 1046
560 1047
497 561 1048
562 1049
563 1050
564 1051
565 1052
566 1053
498 567 1054
568 1055
499 569 1056
570 1057
571 1058
572 1003 1059
573 1060
574 1061
575 1062
576 1063
577 1064
578 1065
579 1066
580 1067
581 1068
582 1069
583 1070
584 1071
585 1072
586 1017 1073
500 587 1074
588 1019 1075
589 1020 1076
590 1077
591 1078
592 1079
593 1024 1080
594 1081
595 1082
596 1083
597 1084
598 1029 1085
501 599 1086
600 1087
601 1032 1088
602 1033 1089
603 1090
604 1035 1091
605 1092
606 1093
607 1038 1094
502 608
503 609
504 610
505 611
506 612
507 613
508 614
509 615
510 616
511 617
512 618
513 619
514 620
515 621
516 622
517 623
518 624
519 625
520 626 1216
521 627
522 628
523 629
524 630
525 631
526 632
527 633 1223
528 634
529 635
530 636
531 637
532 638
533 639
534 640
535 641
536 642
537 643
538 644
539 645
540 646
541 647
542 648
543 649
544 650
545 651
546 652 1242
547 653
548 654
549 655
550 656
551 657
552 658
553 659
554 660
555 661
556 662
557 986 1040
558 987 1041
559 988 1042
560 989 1043
561 990 1044
562 991 1045
563 992 1046
564 993 1047
565 994 1048
566 995 1049
567 996 1050
568 997 1051
569 998 1052
570 999 1053
571 1000 1054
572 1001 1055
573 1002 1056
574 1003 1057
575 1004 1058
576 1005 1059
577 1006 1060
578 1007 1061
579 1008 1062
580 1009 1063
581 1010 1064
582 1011 1065
583 1012 1066
584 1013 1067
585 1014 1068
586 1015 1069
587 1016 1070
588 1017 1071
589 1018 1072
590 1019 1073
591 1020 1074
592 1021 1075
593 1022 1076
594 1023 1077
595 1024 1078
596 1025 1079
597 1026 1080
598 1027 1081
599 1028 1082
600 1029 1083
601 1030 1084
602 1031 1085
603 1032 1086
604 1033 1087
605 1034 1088
606 1035 1089
607 1036 1090
608 1037 1091
609 1038 1092
1039 1093 1208 1210
774 775 776 777 778 779 780 781 782 783 784 787 791 804 805 806 817 820 821 823 829 830 831 858 860 865 871 882 883 935 1199 1253
774 775 776 777 778 779 780 781 782 783 784 787 791 804 805 806 817 820 821 823 829 830 831 858 860 865 871 882 884 936 1200 1253
774 775 776 777 778 779 780 781 782 783 784 787 791 804 805 806 817 820 821 823 829 830 831 858 860 865 871 882 885 937 1201 1253
774 775 776 777 778 779 780 781 782 783 784 787 791 804 805 806 817 820 821 823 829 830 831 858 860 865 871 882 886 938 1202 1253
774 775 776 777 778 779 780 781 782 783 784 787 791 804 805 806 817 820 821 823 829 830 831 858 860 865 871 882 887 939 1203 1253
774 775 776 777 778 779 780 781 782 783 784 787 791 804 805 806 817 820 821 823 829 830 831 858 860 865 871 882 888 940 1204
774 775 776 777 778 779 780 781 782 783 784 787 791 804 805 806 817 820 821 823 829 830 831 858 860 865 871 882 889 941 1205 1253
774 775 776 777 778 779 780 781 782 783 784 787 791 804 805 806 817 820 821 823 829 830 831 858 860 865 871 882 890 942 1206 1253
774 775 777 782 784 804 805 806 808 812 817 820 821 823 828 860 866 871 882 891 1207 1253
776 777 778 780 785 809 812 813 820 821 823 831 832 863 865 866 867 882 892 1208 1253
781 786 787 804 805 812 820 821 823 835 866 882 893 1209 1253
781 783 787 789 804 812 820 821 823 835 841 866 882 894 1210 1253
788 812 813 817 819 820 821 823 866 882 895 1211 1253
783 787 789 804 805 810 812 817 820 821 823 843 866 882 896 1212 1253
780 790 809 812 817 820 821 823 834 866 882 897 1213 1253
791 804 811 812 817 820 821 823 858 865 866 871 882 898 1214 1253
792 805 811 812 816 820 821 823 866 882 899 1215 1253
791 793 804 805 820 821 823 882 900 1216 1253
794 805 811 812 820 821 823 848 866 882 901 1217 1253
795 804 812 820 821 823 866 882 902 1218 1253
796 813 815 816 817 820 821 823 850 882 903 1219 1253
797 816 820 821 823 882 904 1220 1253
798 812 816 820 821 823 852 866 882 905 1221 1253
799 805 812 816 817 820 821 823 860 866 870 882 906 1222 1253
787 800 805 811 812 816 817 820 821 823 854 866 882 907 1223 1253
801 805 806 811 812 816 817 820 821 823 855 866 882 908 1224 1253
802 805 811 812 813 816 817 819 820 821 823 866 882 909 1225 1253
787 803 805 811 812 816 820 821 823 857 858 865 866 882 910 1226 1253
787 804 805 809 812 816 817 820 821 823 858 865 866 882 911 1227 1253
781 783 786 787 804 805 810 812 820 821 823 835 840 841 859 860 865 866 882 912 1228 1253
805 806 812 817 820 821 823 860 866 882 913 1229 1253
782 783 805 807 809 812 817 820 821 823 866 882 914 1230 1253
778 780 782 784 791 805 808 809 812 820 821 823 866 882 915 1231 1253
780 782 808 809 812 814 820 821 823 832 863 866 882 916 1232 1253
783 787 805 810 812 820 821 823 864 866 882 917 1233 1253
784 805 811 812 817 820 821 823 865 866 882 918 1234 1253
811 812 817 819 820 821 823 866 882 919 1235 1253
812 813 817 820 821 823 866 882 920 1236 1253
812 814 820 821 823 866 882 921 1237 1253
813 815 817 819 820 821 823 869 882 922 1238 1253
804 812 816 817 819 820 821 823 866 870 882 923 1239
782 784 791 804 805 806 808 809 810 812 815 816 817 820 821 823 866 871 882 924 1240 1253
798 812 817 818 820 821 823 852 866 882 925 1241 1253
805 812 819 820 821 823 827 852 866 882 926 1242 1253
805 812 816 817 820 821 823 866 870 871 882 927 1243
791 805 806 811 820 821 823 865 882 928 1244
788 798 802 804 805 806 811 813 816 817 818 820 821 822 823 842 856 858 860 865 867 870 882 929 1245
791 805 820 821 823 845 865 882 930 1246
802 804 805 813 818 820 821 823 824 931 1247
820 821 825 879 1248
826 882 1249
827 882 1250 1253
799 820 821 822 853 860 870 871 1095 1251
799 820 821 822 853 870 871 1096 1252
281 799 820 821 822 853 870 1011 1032 1033 1034 1097 1224 1231 1241 1242
282 797 799 800 801 816 820 821 822 850 851 853 854 870 871 1011 1032 1033 1034 1098 1224 1241 1242
283 828 1011 1032 1033 1034 1224 1241
284 829 1009 1011 1012 1013 1028 1032 1033 1034 1221 1222 1224 1225 1241 1242
281 830 925 977
281 831 926 977
281 832 927 977
281 833 928 977
281 834 929 977
281 835 930 977
281 836 931 977
281 837 932 977
282 838 933 977
282 839 934 977
282 840 935 977
282 841 936 977
282 842 937 977
282 843 938 977
282 844 939 977
282 845 940 977
282 846 941 977
282 847 942 977
282 848 943 977
282 849 944 977
282 850 945 977
282 851 946 977
282 852 947 977
282 853 948 977
282 854 949 977
282 855 950 977
282 856 951 977
282 857 952 977
282 858 953 977
282 859 954 977
282 860 955 977
282 861 956 977
282 862 957 977
282 863 958 977
282 864 959 977
282 865 960 977
282 866 961 977
282 867 962 977
282 868 963 977
282 869 964 977
282 870 965 977
282 871 966 977
283 872 967 977
283 873 968 977
284 874 969 978
284 875 970 979
284 876 971 980
284 877 972 981
284 878 973 982
879 974 983
880 975 984
881 976
157 158 159 160 161 162 163 164 165 166 167 168 169 170 171 172 173 174 175 176 177 178 179 180 181 182 183 184 185 186 187 188 189 190 191 192 193 194 195 196 197 198 199 200 201 202 203 204 205 206 207 208 209 210 211 212 213 214 215 216 217 218 219 220 221 222 223 224 225 226 227 228 229 230 231 232 233 234 235 236 339 393 664 665 666 667 668 669 670 671 672 820 821 986 1041 1199
157 158 159 160 161 162 163 164 165 166 167 168 169 170 171 172 173 174 175 176 177 178 179 180 181 182 183 184 185 186 187 188 189 190 191 192 193 194 195 196 197 198 199 200 201 202 203 204 205 206 207 208 209 210 211 212 213 214 215 216 217 218 219 220 221 222 223 224 225 226 227 228 229 230 231 232 233 234 235 236 340 394 664 665 666 667 668 669 670 671 672 820 821 987 1042 1200 1212
157 158 159 160 161 162 163 164 165 166 167 168 169 170 171 172 173 174 175 176 177 178 179 180 181 182 183 184 185 186 187 188 189 190 191 192 193 194 195 196 197 198 199 200 201 202 203 204 205 206 207 208 209 210 211 212 213 214 215 216 217 218 219 220 221 222 223 224 225 226 227 228 229 230 231 232 233 234 235 236 341 395 664 665 666 667 668 669 670 671 673 820 821 988 1043 1201 1213
157 158 159 160 161 162 163 164 165 166 167 168 169 170 171 172 173 174 175 176 177 178 179 180 181 182 183 184 185 186 187 188 189 190 191 192 193 194 195 196 197 198 199 200 201 202 203 204 205 206 207 208 209 210 211 212 213 214 215 216 217 218 219 220 221 222 223 224 225 226 227 228 229 230 231 232 233 234 235 236 288 342 396 664 665 666 667 668 669 670 671 672 673 820 821 989 1044 1202 1214 1256
157 158 159 160 161 162 163 164 165 166 167 168 169 170 171 172 173 174 175 176 177 178 179 180 181 182 183 184 185 186 187 188 189 190 191 192 193 194 195 196 197 198 199 200 201 202 203 204 205 206 207 208 209 210 211 212 213 214 215 216 217 218 219 220 221 222 223 224 225 226 227 228 229 230 231 232 233 234 235 236 289 343 397 664 665 666 667 668 669 670 671 673 696 820 821 990 1045 1203 1256
157 158 159 160 161 162 163 164 165 166 167 168 169 170 171 172 173 174 175 176 177 178 179 180 181 182 183 184 185 186 187 188 189 190 191 192 193 194 195 196 197 198 199 200 201 202 203 204 205 206 207 208 209 210 211 212 213 214 215 216 217 218 219 220 221 222 223 224 225 226 227 228 229 230 231 232 233 234 235 236 344 398 664 665 666 667 668 669 670 671 1046 1215
157 158 159 160 161 162 163 164 165 166 167 168 169 170 171 172 173 174 175 176 177 178 179 180 181 182 183 184 185 186 187 188 189 190 191 192 193 194 195 196 197 198 199 200 201 202 203 204 205 206 207 208 209 210 211 212 213 214 215 216 217 218 219 220 221 222 223 224 225 226 227 228 229 230 231 232 233 234 235 236 291 345 399 664 665 666 667 668 669 670 671 673 678 696 697 820 821 992 1047 1205 1216 1256
157 158 159 160 161 162 163 164 165 166 167 168 169 170 171 172 173 174 175 176 177 178 179 180 181 182 183 184 185 186 187 188 189 190 191 192 193 194 195 196 197 198 199 200 201 202 203 204 205 206 207 208 209 210 211 212 213 214 215 216 217 218 219 220 221 222 223 224 225 226 227 228 229 230 231 232 233 234 235 236 346 400 664 665 666 667 668 669 670 671 674 675 693 820 821 993 1048 1206
157 158 159 160 161 162 163 164 165 166 167 168 169 170 171 172 173 174 175 176 177 178 179 180 181 182 183 184 185 186 187 188 189 190 191 192 193 194 195 196 197 198 199 200 201 202 203 204 205 206 207 208 209 210 211 212 213 214 215 216 217 218 219 220 221 222 223 224 225 226 227 228 229 230 231 232 233 234 235 236 293 347 401 664 665 666 667 668 669 670 671 672 695 696 697 705 820 821 1049 1217 1256
157 158 159 160 161 162 163 164 165 166 167 168 169 170 171 172 173 174 175 176 177 178 179 180 181 182 183 184 185 186 187 188 189 190 191 192 193 194 195 196 197 198 199 200 201 202 203 204 205 206 207 208 209 210 211 212 213 214 215 216 217 218 219 220 221 222 223 224 225 226 227 228 229 230 231 232 233 234 235 236 294 348 402 664 665 666 667 668 669 670 671 675 677 693 695 698 820 821 1050 1218 1256
295 349 403 664 665 666 667 668 669 670 671 672 696 699 705 820 821 1051 1219 1256
296 350 404 673 820 821 1052 1220 1256
297 351 405 674 693 820 821 998 1053 1211 1221 1256
352 406 664 665 666 667 668 669 670 671 674 675 677 688 691 692 693 698 820 821 999 1054 1212
353 407 676 710 820 821 1000 1055 1213 1222 1256
300 354 408 675 677 820 821 1056 1256
301 355 409 678 820 821 1057 1223 1256
302 356 410 664 665 666 667 668 669 670 671 679 681 696 705 709 711 820 821 1003 1058 1216 1224 1256
303 357 411 680 820 821 1059 1225 1256
304 358 412 681 820 821 1060 1226 1256
305 359 413 682 820 821 1061 1227 1256
306 360 414 683 821 1062 1228 1256
307 361 415 684 820 821 1063 1229 1256
362 416 685 719 1009 1064 1222 1230
309 686 706 710 820 821 1010 1065 1223 1231
310 364 418 687 716 717 718 719 820 821 1011 1066 1224 1232 1256
365 419 688 719 820 821 1012 1067 1225 1233
366 420 689 719 820 821 1068 1234
367 421 690 710 712 820 821 1014 1069 1227 1235
314 368 422 691 820 821 1070 1236 1256
315 369 423 664 665 666 667 668 669 670 671 672 674 675 677 679 681 683 692 693 704 705 710 712 820 821 1016 1071 1229 1237 1256
316 370 424 664 665 666 667 668 669 670 671 672 674 677 680 681 682 687 688 689 690 691 692 693 694 695 696 698 699 705 707 708 709 710 711 712 820 821 1017 1072 1230 1238 1256
317 371 425 664 665 666 667 668 669 670 671 672 689 694 705 709 710 820 821 1018 1073 1231 1239 1256
318 372 426 695 820 821 1074 1256
319 373 427 672 696 697 705 820 821 1075 1240 1256
320 374 428 673 678 692 695 696 697 705 820 821 1021 1076 1234 1241 1256
321 375 429 677 693 698 705 820 821 1077 1242 1256
322 376 430 679 680 682 688 689 690 691 699 700 709 710 820 821 1023 1078 1236 1243 1256
377 431 672 673 674 675 676 677 678 679 680 682 683 686 687 688 689 690 691 692 693 694 695 696 697 698 699 700 701 702 704 705 706 707 708 820 821 1024 1079 1237 1244 1256
324 378 432 673 676 684 690 701 703 710 712 820 821 1025 1080 1238 1245 1256
379 433 697 702 1081 1246 1256
326 380 434 684 703 705 820 821 1027 1082 1240 1247 1256
327 381 435 680 684 685 686 687 688 689 690 691 692 704 705 708 710 719 820 821 1028 1083 1241 1248 1256
328 382 436 664 665 666 667 668 669 670 671 672 676 677 678 679 684 687 688 689 690 692 694 695 699 700 701 703 704 705 706 708 710 820 821 1029 1084 1242 1249 1256
383 437 706 710 712 1085 1250
384 438 676 690 700 703 704 707 820 821 1086
385 439 664 665 666 667 668 669 670 671 672 673 674 675 676 677 678 679 680 681 682 683 684 685 686 687 688 689 690 691 692 693 694 695 696 697 698 699 700 701 702 703 704 705 706 707 708 709 710 711 712 713 716 717 718 719 774 775 776 777 778 780 781 782 783 784 785 786 787 788 789 790 791 792 793 794 796 798 799 800 801 802 803 804 805 806 807 808 809 810 811 812 813 815 816 817 819 1087 1251 1256
386 440 664 665 666 667 668 669 670 671 672 673 674 675 676 677 678 679 680 681 682 683 684 685 686 687 688 689 690 691 692 693 694 695 696 697 698 699 700 701 702 703 704 705 706 707 708 709 710 711 712 713 716 717 718 719 774 775 776 777 778 780 781 782 783 784 785 786 787 788 789 790 791 792 793 794 795 796 798 799 800 801 802 803 804 805 806 807 808 809 810 811 812 813 815 816 817 819 1088 1252 1256
387 441 710 716 717 718 719 1089 1253
388 442 664 665 666 667 668 669 670 671 672 673 674 675 676 677 678 679 680 681 682 683 684 685 686 687 688 689 690 691 692 693 694 695 696 697 698 699 700 701 702 703 704 705 706 707 708 709 710 711 712 1090 1254 1256
389 443 712 1091 1255 1256
390 444 713 1092 1256
391 445 714 1093 1257
392 446 707 715 1094 1258
339 672 720 883 986 1095 1151 1199
340 664 665 666 667 668 669 670 671 721 884 987 1095 1152 1200
341 664 665 666 667 668 669 670 671 722 885 988 1095 1153 1201
288 342 396 664 665 666 667 668 669 670 671 673 723 886 989 1095 1154 1202 1256
289 343 397 673 697 724 887 990 1095 1155 1203 1256
344 725 888 1095 1156
291 345 399 678 726 889 992 1095 1157 1205 1256
346 674 675 693 727 890 993 1095 1158 1206
293 347 401 728 891 1096 1159 1256
294 348 402 729 892 1096 1160 1256
295 349 403 730 893 1096 1161 1256
296 350 404 731 894 1096 1162 1256
297 351 405 693 732 895 998 1096 1163 1211 1256
352 675 693 733 896 999 1096 1164 1212
353 710 734 897 1000 1096 1165 1213
300 354 408 677 735 898 1096 1166 1256
301 355 409 736 899 1096 1167 1256
302 356 410 711 737 900 1003 1096 1168 1216 1256
303 357 411 738 901 1096 1169 1256
304 358 412 739 902 1096 1170 1256
305 359 413 682 740 903 1096 1171 1256
306 360 414 741 904 1096 1172 1256
307 361 415 684 719 742 905 1096 1173 1256
362 719 743 906 1009 1096 1174 1222
309 417 686 706 707 744 907 1010 1096 1175 1223 1256
310 364 418 716 717 718 719 745 908 1011 1096 1176 1224 1256
365 688 719 746 909 1012 1096 1177 1225
366 689 747 910 1096 1178
367 710 748 911 1014 1096 1179 1227
314 368 422 691 749 912 1096 1180 1256
315 369 423 664 665 666 667 668 669 670 671 679 691 692 710 750 913 1016 1096 1181 1229 1256
316 370 424 693 751 914 1017 1096 1182 1230 1256
317 371 425 664 665 666 667 668 669 670 671 672 687 693 694 710 716 752 915 1018 1096 1183 1231 1256
318 372 426 753 916 1096 1184 1256
319 373 427 754 917 1096 1185 1256
320 374 428 673 697 755 918 1021 1096 1186 1234 1256
321 375 429 698 756 919 1096 1187 1256
322 376 430 664 665 666 667 668 669 670 671 673 679 691 692 693 699 709 710 711 757 920 1023 1096 1188 1236 1256
377 672 673 674 675 676 677 678 679 680 682 683 686 687 688 689 690 691 692 693 694 695 696 697 698 699 700 701 702 704 705 706 707 708 758 921 1024 1096 1189 1237
324 378 432 673 710 759 922 1025 1096 1190 1238 1256
379 760 923 1096 1191
326 380 434 703 761 924 1027 1096 1192 1240 1256
327 381 435 687 704 708 710 716 717 718 719 762 925 1028 1097 1193 1241 1256
328 382 436 664 665 666 667 668 669 670 671 672 679 705 708 716 717 719 763 926 1029 1097 1194 1242 1256
383 764 927 1098 1195
384 765 928 1098 1196
385 766 929 1098 1197
386 767 930 1098 1198
387 768 931 1098 1199
388 769 932 1098 1200
389 770 933 1098 1201
390 713 771 934 1097 1202
391 772 1099 1151 1203
392 773 1100 1152 1203
1 2 3 4 5 6 7 8 9 10 11 12 13 14 15 16 17 18 19 20 21 22 23 24 25 26 27 28 29 30 31 32 33 34 35 36 37 38 39 40 41 42 43 44 45 46 47 48 49 50 53 54 55 56 57 58 59 60 61 62 63 64 65 66 67 68 69 70 71 72 73 74 75 76 77 78 79 80 81 82 83 84 85 86 87 88 89 90 91 92 93 94 95 96 97 98 99 100 102 103 104 105 106 107 108 109 110 111 112 113 114 115 116 117 118 119 120 121 122 123 124 125 126 127 128 129 130 131 132 133 134 135 136 137 138 139 140 141 142 143 144 145 146 147 148 149 150 151 152 154 155 156 664 665 666 667 668 669 670 671 672 673 674 675 676 677 678 679 680 681 682 683 684 685 686 687 688 689 690 691 692 693 694 695 696 697 698 699 700 701 702 703 704 705 706 707 708 709 710 711 714 715 1101 1153 1203 1258
1 53 105 664 828 1102 1154 1203
2 54 106 665 829 1103 1155 1203
3 55 107 666 830 1104 1156 1203
4 56 108 667 831 1105 1157 1203
5 57 109 668 832 1106 1158 1203
6 58 110 669 833 1107 1159 1203
7 59 111 670 834 1108 1160 1203
8 60 112 671 835 1109 1161 1203
9 61 113 672 836 1110 1162 1203
10 62 114 673 837 1111 1163 1203
11 63 115 674 838 1112 1164 1203
12 64 116 675 839 1113 1165 1203
13 65 117 676 840 1114 1166 1203
14 66 118 677 841 1115 1167 1203
15 67 119 678 842 1116 1168 1203
16 68 120 679 843 1117 1169 1203
17 69 121 680 844 1118 1170 1203
18 70 122 681 845 1119 1171 1203
19 71 123 682 846 1120 1172 1203
20 72 124 683 847 1121 1173 1203
21 73 125 684 848 1122 1174 1203
22 74 126 685 849 1123 1175 1203
23 75 127 686 850 1124 1176 1203
24 76 128 687 851 1125 1177 1203
25 77 129 688 852 1126 1178 1203
26 78 130 689 853 1127 1179 1203
27 79 131 690 854 1128 1180 1203
28 80 132 691 855 1129 1181 1203
29 81 133 692 856 1130 1182 1203
30 82 134 693 857 1131 1183 1203
31 83 135 694 858 1132 1184 1203
32 84 136 695 859 1133 1185 1203
33 85 137 696 860 1134 1186 1203
34 86 138 697 861 1135 1187 1203
35 87 139 698 862 1136 1188 1203
36 88 140 699 863 1137 1189 1203
37 89 141 700 864 1138 1190 1203
38 90 142 701 865 1139 1191 1203
39 91 143 702 866 1140 1192 1203
40 92 144 703 867 1141 1193 1203
41 93 145 704 868 1142 1194 1203
42 94 146 705 869 1150 1202 1203
43 95 147 706 722 870 1099
44 96 148 707 723 871 1100
45 97 149 708 724 872 1101
46 98 150 709 725 873 1102
47 99 151 710 726 874 1103
48 100 152 711 727 875 1104
49 153 712 728 876 1105
50 102 154 729 877 1106
103 730 878 1107
104 731 879 1108
1 53 105 664 732 1109
2 54 106 665 733 1110
3 55 107 666 734 1111
4 56 108 667 735 1112
5 57 109 668 736 1113
6 58 110 669 737 1114
7 59 111 670 738 1115
8 60 112 671 739 1116
113 740 1117
114 741 1118
115 742 1119
116 743 1120
117 744 1121
118 745 1122
119 746 1123
120 747 1124
121 748 1125
122 749 1126
123 750 1127
124 751 1128
125 752 1129
126 753 1130
127 754 1131
128 755 1132
129 756 1133
130 757 1134
131 758 1135
132 759 1136
133 760 1137
134 761 1138
135 762 1139
136 763 1140
137 764 1141
138 765 1142
139 766 1143
140 767 1144
141 768 1145
142 769 1146
143 770 1147
144 771 1148
145 772 1149
146 773 1150
147 722 723 724 725 726 727 728 729 730 731 732 733 734 735 736 737 738 739 740 741 742 743 744 745 746 747 748 749 750 751 752 753 754 755 756 757 758 759 760 761 762 763 764 765 1095 1096 1097 1211
148 766
149 767
150 768
151 769
152 770
153 771
154 772
155 1209 1211
1 2 3 4 5 6 7 8 9 156 495 610 774 828
1 2 3 4 5 6 7 8 9 393 447 611 775 829
1 2 3 4 5 6 7 8 10 394 448 612 776 830
1 2 3 4 5 6 7 8 9 10 336 395 449 613 777 831
2 3 4 5 6 7 8 10 33 337 396 447 448 449 450 451 452 453 454 455 456 457 458 459 460 461 462 463 464 465 466 467 468 469 470 471 472 473 474 475 476 477 478 479 480 481 482 483 484 485 486 487 488 489 490 491 492 493 494 495 496 497 498 499 500 614 778 832
1 2 3 4 5 6 7 8 397 447 448 449 450 451 452 453 454 455 456 457 458 459 460 461 462 463 464 465 466 467 468 469 470 471 472 473 474 475 476 477 478 479 480 481 482 483 484 485 486 487 488 489 490 491 492 493 494 495 496 497 498 499 500 615
1 2 3 4 5 6 7 8 10 15 33 34 339 398 452 616 780 834
11 12 30 399 447 448 449 450 451 452 453 454 455 456 457 458 459 460 461 462 463 464 465 466 467 468 469 470 471 472 473 474 475 476 477 478 479 480 481 482 483 484 485 486 487 488 489 490 491 492 493 494 495 496 497 498 499 500 617 781 835
9 32 33 34 42 341 400 454 618
12 14 30 32 35 342 401 447 448 449 450 451 452 453 454 455 456 457 458 459 460 461 462 463 464 465 466 467 468 469 470 471 472 473 474 475 476 477 478 479 480 481 482 483 484 485 486 487 488 489 490 491 492 493 494 495 496 497 498 499 500 619
1 2 3 4 5 6 7 8 33 36 42 343 402 447 448 449 450 451 452 453 454 455 456 457 458 459 460 461 462 463 464 465 466 467 468 469 470 471 472 473 474 475 476 477 478 479 480 481 482 483 484 485 486 487 488 489 490 491 492 493 494 495 496 497 498 499 500 620
344 403 447 448 449 450 451 452 453 454 455 456 457 458 459 460 461 462 463 464 465 466 467 468 469 470 471 472 473 474 475 476 477 478 479 480 481 482 483 484 485 486 487 488 489 490 491 492 493 494 495 496 497 498 499 500 621
30 345 404 447 448 449 450 451 452 453 454 455 456 457 458 459 460 461 462 463 464 465 466 467 468 469 470 471 472 473 474 475 476 477 478 479 480 481 482 483 484 485 486 487 488 489 490 491 492 493 494 495 496 497 498 499 500 622 786 840
1 2 3 4 5 6 7 8 11 14 25 28 29 30 35 405 447 448 449 450 451 452 453 454 455 456 457 458 459 460 461 462 463 464 465 466 467 468 469 470 471 472 473 474 475 476 477 478 479 480 481 482 483 484 485 486 487 488 489 490 491 492 493 494 495 496 497 498 499 500 623 787 841
47 347 406 460 624 788 842
12 348 407 447 448 449 450 451 452 453 454 455 456 457 458 459 460 461 462 463 464 465 466 467 468 469 470 471 472 473 474 475 476 477 478 479 480 481 482 483 484 485 486 487 488 489 490 491 492 493 494 495 496 497 498 499 500 625
349 408 447 448 449 450 451 452 453 454 455 456 457 458 459 460 461 462 463 464 465 466 467 468 469 470 471 472 473 474 475 476 477 478 479 480 481 482 483 484 485 486 487 488 489 490 491 492 493 494 495 496 497 498 499 500 626
1 2 3 4 5 6 7 8 18 33 42 46 48 350 409 447 448 449 450 451 452 453 454 455 456 457 458 459 460 461 462 463 464 465 466 467 468 469 470 471 472 473 474 475 476 477 478 479 480 481 482 483 484 485 486 487 488 489 490 491 492 493 494 495 496 497 498 499 500 519 627 791 845
351 410 447 448 449 450 451 452 453 454 455 456 457 458 459 460 461 462 463 464 465 466 467 468 469 470 471 472 473 474 475 476 477 478 479 480 481 482 483 484 485 486 487 488 489 490 491 492 493 494 495 496 497 498 499 500 628
352 411 447 448 449 450 451 452 453 454 455 456 457 458 459 460 461 462 463 464 465 466 467 468 469 470 471 472 473 474 475 476 477 478 479 480 481 482 483 484 485 486 487 488 489 490 491 492 493 494 495 496 497 498 499 500 629
353 412 447 448 449 450 451 452 453 454 455 456 457 458 459 460 461 462 463 464 465 466 467 468 469 470 471 472 473 474 475 476 477 478 479 480 481 482 483 484 485 486 487 488 489 490 491 492 493 494 495 496 497 498 499 500 630
354 413 447 448 449 450 451 452 453 454 455 456 457 458 459 460 461 462 463 464 465 466 467 468 469 470 471 472 473 474 475 476 477 478 479 480 481 482 483 484 485 486 487 488 489 490 491 492 493 494 495 496 497 498 499 500 631
355 414 447 448 449 450 451 452 453 454 455 456 457 458 459 460 461 462 463 464 465 466 467 468 469 470 471 472 473 474 475 476 477 478 479 480 481 482 483 484 485 486 487 488 489 490 491 492 493 494 495 496 497 498 499 500 632
415 447 448 449 450 451 452 453 454 455 456 457 458 459 460 461 462 463 464 465 466 467 468 469 470 471 472 473 474 475 476 477 478 479 480 481 482 483 484 485 486 487 488 489 490 491 492 493 494 495 496 497 498 499 500 633 721 797 851
43 47 416 470 634 798 852
358 417 447 448 449 450 451 452 453 454 455 456 457 458 459 460 461 462 463 464 465 466 467 468 469 470 471 472 473 474 475 476 477 478 479 480 481 482 483 484 485 486 487 488 489 490 491 492 493 494 495 496 497 498 499 500 635 718 719 720 721 799 853
418 447 448 449 450 451 452 453 454 455 456 457 458 459 460 461 462 463 464 465 466 467 468 469 470 471 472 473 474 475 476 477 478 479 480 481 482 483 484 485 486 487 488 489 490 491 492 493 494 495 496 497 498 499 500 636 721 800 854
419 473 637 721
47 49 420 474 638 802 856
362 421 475 639
1 2 3 4 5 6 7 8 9 11 12 14 16 18 20 29 30 41 42 47 49 363 422 447 448 449 450 451 452 453 454 455 456 457 458 459 460 461 462 463 464 465 466 467 468 469 470 471 472 473 474 475 476 477 478 479 480 481 482 483 484 485 486 487 488 489 490 491 492 493 494 495 496 497 498 499 500 640 804 858
1 2 3 4 5 6 7 8 9 11 14 17 18 19 24 25 26 27 28 29 30 31 32 33 35 36 42 44 45 46 47 48 49 364 423 447 448 449 450 451 452 453 454 455 456 457 458 459 460 461 462 463 464 465 466 467 468 469 470 471 472 473 474 475 476 477 478 479 480 481 482 483 484 485 486 487 488 489 490 491 492 493 494 495 496 497 498 499 500 533 641 805 859
1 2 3 4 5 6 7 8 9 26 31 42 46 47 365 424 447 448 449 450 451 452 453 454 455 456 457 458 459 460 461 462 463 464 465 466 467 468 469 470 471 472 473 474 475 476 477 478 479 480 481 482 483 484 485 486 487 488 489 490 491 492 493 494 495 496 497 498 499 500 642 806 860
366 425 447 448 449 450 451 452 453 454 455 456 457 458 459 460 461 462 463 464 465 466 467 468 469 470 471 472 473 474 475 476 477 478 479 480 481 482 483 484 485 486 487 488 489 490 491 492 493 494 495 496 497 498 499 500 535 643
9 33 34 42 367 426 447 448 449 450 451 452 453 454 455 456 457 458 459 460 461 462 463 464 465 466 467 468 469 470 471 472 473 474 475 476 477 478 479 480 481 482 483 484 485 486 487 488 489 490 491 492 493 494 495 496 497 498 499 500 536 644
10 15 29 32 33 42 368 427 447 448 449 450 451 452 453 454 455 456 457 458 459 460 461 462 463 464 465 466 467 468 469 470 471 472 473 474 475 476 477 478 479 480 481 482 483 484 485 486 487 488 489 490 491 492 493 494 495 496 497 498 499 500 645 809 863
14 30 42 369 428 447 448 449 450 451 452 453 454 455 456 457 458 459 460 461 462 463 464 465 466 467 468 469 470 471 472 473 474 475 476 477 478 479 480 481 482 483 484 485 486 487 488 489 490 491 492 493 494 495 496 497 498 499 500 646
16 17 19 25 26 27 28 36 37 46 47 370 429 447 448 449 450 451 452 453 454 455 456 457 458 459 460 461 462 463 464 465 466 467 468 469 470 471 472 473 474 475 476 477 478 479 480 481 482 483 484 485 486 487 488 489 490 491 492 493 494 495 496 497 498 499 500 647 811 865
9 10 11 12 13 14 15 16 17 19 20 23 24 25 26 27 28 29 30 31 32 33 34 35 36 37 38 39 41 42 43 44 45 371 430 447 448 449 450 451 452 453 454 455 456 457 458 459 460 461 462 463 464 465 466 467 468 469 470 471 472 473 474 475 476 477 478 479 480 481 482 483 484 485 486 487 488 489 490 491 492 493 494 495 496 497 498 499 500 540 648 812 866
10 13 21 27 38 40 47 49 372 431 447 448 449 450 451 452 453 454 455 456 457 458 459 460 461 462 463 464 465 466 467 468 469 470 471 472 473 474 475 476 477 478 479 480 481 482 483 484 485 486 487 488 489 490 491 492 493 494 495 496 497 498 499 500 649 813 867
34 39 373 432 447 448 449 450 451 452 453 454 455 456 457 458 459 460 461 462 463 464 465 466 467 468 469 470 471 472 473 474 475 476 477 478 479 480 481 482 483 484 485 486 487 488 489 490 491 492 493 494 495 496 497 498 499 500 650
21 40 42 374 433 447 448 449 450 451 452 453 454 455 456 457 458 459 460 461 462 463 464 465 466 467 468 469 470 471 472 473 474 475 476 477 478 479 480 481 482 483 484 485 486 487 488 489 490 491 492 493 494 495 496 497 498 499 500 651 815 869
17 21 22 23 24 25 26 27 28 29 41 42 45 47 375 434 447 448 449 450 451 452 453 454 455 456 457 458 459 460 461 462 463 464 465 466 467 468 469 470 471 472 473 474 475 476 477 478 479 480 481 482 483 484 485 486 487 488 489 490 491 492 493 494 495 496 497 498 499 500 652 721 816 870
1 2 3 4 5 6 7 8 9 13 14 15 16 21 24 25 26 27 29 31 32 36 37 38 40 41 43 45 47 376 435 447 448 449 450 451 452 453 454 455 456 457 458 459 460 461 462 463 464 465 466 467 468 469 470 471 472 473 474 475 476 477 478 479 480 481 482 483 484 485 486 487 488 489 490 491 492 493 494 495 496 497 498 499 500 545 653 817 871
47 49 436 447 448 449 450 451 452 453 454 455 456 457 458 459 460 461 462 463 464 465 466 467 468 469 470 471 472 473 474 475 476 477 478 479 480 481 482 483 484 485 486 487 488 489 490 491 492 493 494 495 496 497 498 499 500 654
13 27 37 40 41 437 491 501 655
1 2 3 4 5 6 7 8 9 10 11 12 13 14 15 16 17 18 19 20 21 22 23 24 25 26 27 28 29 30 31 32 33 34 35 36 37 38 39 40 41 42 43 44 45 46 47 48 49 50 379 438 492 495 496 497 498 499 500 501 548 656 718 719 720 721
1 2 3 4 5 6 7 8 9 10 11 12 13 14 15 16 17 18 19 20 21 22 23 24 25 26 27 28 29 30 31 32 33 34 35 36 37 38 39 40 41 42 43 44 45 46 47 48 49 50 380 439 447 448 449 450 451 452 453 454 455 456 457 458 459 460 461 462 463 464 465 466 467 468 469 470 471 472 473 474 475 476 477 478 479 480 481 482 483 484 485 486 487 488 489 490 491 492 493 494 495 496 497 498 499 500 501 549 657 718 719 720 721
440 447 448 449 450 451 452 453 454 455 456 457 458 459 460 461 462 463 464 465 466 467 468 469 470 471 472 473 474 475 476 477 478 479 480 481 482 483 484 485 486 487 488 489 490 491 492 493 494 495 496 497 498 499 500 658 718 719 720 721
1 2 3 4 5 6 7 8 9 10 11 12 13 14 15 16 17 18 19 20 21 22 23 24 25 26 27 28 29 30 31 32 33 34 35 36 37 38 39 40 41 42 43 44 45 46 47 49 382 441 495 551 659
383 442 447 448 449 450 451 452 453 454 455 456 457 458 459 460 461 462 463 464 465 466 467 468 469 470 471 472 473 474 475 476 477 478 479 480 481 482 483 484 485 486 487 488 489 490 491 492 493 494 495 496 497 498 499 500 660
443 447 448 449 450 451 452 453 454 455 456 457 458 459 460 461 462 463 464 465 466 467 468 469 470 471 472 473 474 475 476 477 478 479 480 481 482 483 484 485 486 487 488 489 490 491 492 493 494 495 496 497 498 499 500 661
444 498 554 662
44 445 499 663
209 219 229 239 249 259 269 279 446 500 610
210 220 230 240 250 260 270 280 501 611 774 1254
211 221 231 241 251 261 271 281 502 612 775 1254
212 222 232 242 252 262 272 282 503 613 776 1254
213 223 233 243 253 263 273 283 504 614 777 1254
214 224 234 244 254 264 274 284 505 615 778 1254
215 225 235 245 255 265 275 285 506 616 779
216 226 236 246 256 266 276 286 507 617 780 1254
217 227 237 247 257 267 277 287 508 618 781 1254
218 228 238 248 258 268 278 288 509 619 782 1254
289 510 620 783 1254
290 511 621 784 1254
291 512 622 785 1254
292 513 623 786 1254
293 514 624 787 1254
294 515 625 788 1254
295 516 626 789 1254
296 517 627 790 1254
297 518 628 791 1254
298 519 629 792 1254
299 520 630 793 1254
300 521 631 794 1254
301 522 632 795 1254
302 523 633 796 1254
303 524 634 797
304 525 635 798 1254
305 526 636 799 1254
306 527 637 800 1254
307 528 638 801 1254
308 529 639 802 1254
309 530 640 803 1254
310 531 641 804 1254
311 532 642 805 1254
312 533 643 806 1254
313 534 644 807 1254
314 535 645 808 1254
315 536 646 809 1254
316 537 647 810 1254
317 538 648 811 1254
318 539 649 812 1254
319 540 650 813 1254
320 541 651 814
321 542 652 815 1254
322 543 653 816 1254
323 544 654 817 1254
324 545 655 818
325 546 656 819 1254
326 547 657 820
327 548 658 821
328 549 659 822
329 550 660 823
330 551 661 824
331 552 662 825 1254
332 553 663 826
53 54 55 56 57 58 59 60 61 62 63 64 65 66 67 68 69 70 71 72 73 74 75 76 77 78 79 80 81 82 83 84 85 86 87 88 89 90 91 92 93 94 95 96 97 98 99 100 103 104 554 827 1204
105 716 828 829 830 831 832 833 834 835 977 1257
106 717 836 837 838 839 840 841 842 843 844 845 846 847 848 849 850 851 852 853 854 855 856 857 858 859 860 861 862 863 864 865 866 867 868 869 977 1257
107 718 870 871 879 977 1257
108 719 872 873 874 875 876 877 878
109 880 925
110 881 926
111 882 927
112 883 928
113 884 929
114 885 930
115 886 931
116 887 932
117 888 933
118 889 934
119 890 935
120 891 936
121 892 937
122 893 938
123 894 939
124 895 940
125 896 941
126 897 942
127 898 943
128 899 944
129 900 945
130 901 946
131 902 947
132 903 948
133 904 949
134 905 950
135 906 951
136 907 952
137 908 953
138 909 954
139 910 955
140 911 956
141 912 957
142 913 958
143 914 959
144 915 960
145 916 961
146 917 962
147 918 963
148 919 964
149 920 965
150 921 966
151 922 967
152 923 968
153 969
154 970
155 971
156 972
157 973
158 974
159 975
160 924 976
161 828 880
162 829 881
163 830 882
164 831 883
165 832 884
166 833 885
167 834 886
168 835 887
169 836 888
170 837 889
171 838 890
172 839 891
173 840 892
174 841 893
175 842 894
176 843 895
177 844 896
178 845 897
179 846 898
180 847 899
181 848 900
182 849 901
183 850 902
184 851 903
185 852 904
186 853 905
187 854 906
188 855 907
189 856 908
190 857 909
191 858 910
192 859 911
193 860 912
194 861 913
195 862 914
196 863 915
197 864 916
198 865 917
199 866 918
200 867 919
201 868 920
202 869 921
203 870 922
204 871 923
205 872
206 873
207 874
208 875
9 664 774 828 876
1 2 3 4 5 6 7 8 665 775 829 877
1 2 3 4 5 6 7 8 666 776 830 878
1 2 3 4 5 6 7 8 10 390 667 777 831 879 924
10 34 391 668 778 832 880 881 882 883 884 885 886 887 888 889 890 891 892 893 894 895 896 897 898 899 900 901 902 903 904 905 906 907 908 909 910 911 912 913 914 915 916 917 918 919 920 921 922 923 924
392 669 1094
15 393 670 780 834 1253 1255
11 12 30 671 781 835 1254 1255
395 672 1255
396 663 673 1256 1258
397 674 985 1257
398 447 448 449 450 451 452 453 454 455 456 457 458 459 460 461 462 463 464 465 466 467 468 469 470 471 472 473 474 475 476 477 478 479 480 481 482 483 484 485 486 487 488 489 490 491 492 493 494 495 496 497 498 499 500 663 675
30 399 676 786 840 977 985
12 30 677 775 787 841
47 678 776 788 842
14 402 679 777
403 680 779
48 404 573 681 780 791 845
405 682 782
406 683 783
19 407 684 784
408 685 785
21 409 686 721 786
687 721 788 797 851
23 43 44 411 580 688 790 798 852
412 689 718 719 720 721 791 799 853
25 690 721 792 800 854
26 691 793
47 692 794 802 856
28 416 693 795
1 2 3 4 5 6 7 8 16 28 29 47 417 694 796 804 858
30 418 695 797 805 859
1 2 3 4 5 6 7 8 9 24 30 31 47 419 696 718 798 806 860
420 697 799
421 698 800
10 34 422 699 801 809 863
35 423 700 802
1 2 3 4 5 6 7 8 10 16 28 29 30 36 46 47 48 424 701 803 811 865
9 10 11 12 13 14 15 16 17 19 20 23 24 25 26 27 28 29 30 31 32 33 34 35 36 37 38 39 41 42 43 44 45 702 804 812 866
10 47 426 703 805 813 867
427 704 806
40 428 705 808 815 869
24 41 45 47 429 706 718 719 720 721 809 816 870
1 2 3 4 5 6 7 8 9 16 42 45 430 599 707 718 719 721 810 817 871
431 708 811
432 709 812
433 710 813
434 711 814
435 712 815
436 713 816
437 714 817
50 715 818
439 716 820
440 717 821
664 665 666 667 668 670 671 672 673 674 675 676 677 678 679 680 681 682 683 684 685 686 687 688 689 690 691 692 693 694 695 696 697 698 699 700 701 702 703 705 706 707 715 822 1205
495 496 497 498 499 500 501 823 1041 1042 1043 1044 1045 1047 1048 1049 1050 1051 1052 1053 1054 1055 1056 1057 1058 1059 1060 1061 1062 1063 1065 1066 1067 1068 1069 1070 1071 1072 1073 1074 1075 1076 1077 1078 1079 1080 1082 1083 1084 1086 1092 1206
824 1205 1206 1207
777 778 780 782 783 784 785 786 788 789 790 791 792 793 794 795 796 799 803 804 805 806 807 808 809 810 811 812 813 814 815 816 817 820 821 823 824 825 831 832 834 836 837 838 839 840 843 844 845 846 847 848 849 850 852 853 857 858 859 860 861 862 863 864 865 867 869 870 871 1208
826 1095 1096 1097 1209
827 882 1208
