1133
2 3 4 5 6 7 8 9 10 11 12 13 14 15 16 17 18 19 20 21 22 23 24 25 26 27 28 29 30 31
1 3 4 6 7 8 9 10 11 13 16 18 19 20 22 24 32 33 34 35 36 37 38
1 2 4 6 7 8 9 11 12 13 16 18 19 20 21 22 23 27 28 34 39 40 41 42 43 44 45 46 47 48 49 50 51 52 53 54 55 56
1 2 3 11 22 46 57 58 59 60 61 62 63 64 65 66 67 68 69 70 71 72
1 6 13 73 74 75 76 77 78 79
1 2 3 5 7 8 13 16 18 22 27 28 34 80 81 82 83 84 85 86 87
1 2 3 6 9 10 13 15 16 19 22 28 76 88 89 90 91 92 93 94 95 96 97 98 99 100
1 2 3 6 22 28 101 102
1 2 3 7 10 13 16 21 22 24 30 41 103 104 105 106 107
1 2 7 9 16 24 30 34 70 108 109 110 111 112 113 114 115 116 117 118 119 120 121 122 123 124 125 126 127 128 129 130
1 2 3 4 18 19 20 22 25 27 45 73 131 132 133 134 135 136 137 138
1 3 84 139 140 141 142 143 144 145 146 147 148 149 150 151 152 153
1 2 3 5 6 7 9 14 16 18 22 24 28 45 69 76 106 153 154 155 156 157 158 159 160
1 13 15 16 24 33 34 80 107 110 112 123 124 136 161 162 163 164 165 166 167 168 169 170 171 172 173 174 175 176 177 178 179 180 181 182
1 7 14 23 33 34 76 93 124 168 183 184 185 186 187 188 189 190 191
1 2 3 6 7 9 10 13 14 24 30 33 34 56 77 105 108 123 127 129 192 193 194 195 196 197 198 199 200 201 202 203 204 205 206 207 208 209 210 211 212 213 214 215 216 217 218 219 220 221 222
1 24 34 115 223 224 225
1 2 3 6 11 13 19 21 22 23 25 26 27 38 39 226 227 228
1 2 3 7 11 18 20 27 38 41 70 82 86 120 137 186 229 230 231 232 233 234 235 236 237 238 239 240
1 2 3 11 19 22 41 43 50 81 106 228 233 241 242 243 244
1 3 9 18 23 25 39 40 41 46 47 50 54 55 59 91 103 104 105 107 157 206 210 214 223 239 245 246 247 248 249 250 251 252 253 254 255 256 257 258 259 260 261
1 2 3 4 6 7 8 9 11 13 18 20 27 32 38
1 3 15 18 21 25 38 39 42 43 44 45 46 50 54 80 97 134 135 143 182 196 203 227 230 240 246 255 262 263 264 265 266 267 268 269 270 271 272 273 274 275 276 277 278 279 280 281 282 283 284
1 2 9 10 13 14 16 17 30 33 34 58 70 108 109 110 112 115 116 119 120 121 124 167 168 174 176 182 263 285 286 287 288 289 290 291 292 293 294 295 296 297
1 11 18 21 23 26 39 60 62 126 227 238 265 287 298 299 300 301 302 303
1 18 25
1 3 6 11 18 19 22 38 70 86 95 186 230 232 235 238 275 304 305 306 307
1 3 6 7 8 13 34 182 233 280 308 309
1 147 310 311 312 313 314 315 316
1 9 10 16 24 34 49 178 194 196 200 201 211 218 317 318 319 320 321 322 323 324 325 326 327 328
1 45 54 104 157 202 241 245 251 259 329 330 331 332 333 334 335 336 337 338 339 340
2 22 341
2 14 15 16 24 34 120 169
2 3 6 10 14 15 16 17 24 28 30 33 55 70 108 182 308 342 343
2
2
2
2 18 19 22 23 27 51 231 233 237 241 254 270 275 330 344 345 346 347 348 349 350 351 352 353
3 18 21 23 25 41 42 43 45 46 50 52 105 107 227 240 245 246 250 265 313 314 332 354 355 356 357 358
3 21 42 46 47 49 54 55 56 58 105 157 203 268 293 336 354 355 359 360 361 362 363 364 365 366 367
3 9 19 20 21 39 46 47 48 50 51 54 62 87 94 103 106 134 135 191 194 210 235 238 245 246 247 250 260 262 270 332 334 353 354 355 358 368 369 370 371 372 373 374 375 376 377 378 379
3 23 39 40 44 45 50 84 104 105 134 157 245 271 303 314 332 333 335 337 338 354 355 356 372 378 380 381 382 383 384 385 386 387 388 389 390 391 392 393 394 395 396 397 398 399 400 401 402 403 404
3 20 23 39 46 230 240 269 282 405
3 23 42 52 135 332 341 383 386 406 407 408 409 410 411 412 413 414
3 11 13 23 31 39 42 50 54 73 133 191 227 251 259 333 349 355 362 399 415 416 417 418 419 420 421 422 423 424 425
3 4 21 23 39 40 41 43 48 52 57 58 59 62 64 66 68 69 71 72 81 241 246 282 351 354 373 399 414 426 427 428 429 430 431 432
3 21 40 41 104 337 433
3 41 46 296 332 367 434
3 30 40 54 55 56 76 79 92 105 116 128 185 201 202 206 213 241 269 274 293 303 317 321 322 325 327 328 344 361 363 390 435 436 437 438 439 440 441 442
3 20 21 23 39 41 42 45 52 81 191 228 241 245 259 271 314 324 333 338 354 367 368 404 443 444
3 38 41 54 56 105 257 269 278 338 340 353 354 366 368 445 446 447 448 449 450 451
3 39 44 46 50 81 128 133 135 146 157 182 228 241 248 254 269 287 316 333 335 340 351 362 365 367 402 413 452 453 454 455 456 457 458 459 460 461
3 72
3 21 23 31 40 41 45 49 51 76 87 124 183 185 187 189 191 268 316 329 331 333 346 354 378 454 462 463 464 465 466 467
3 21 34 40 49 56 105 128 201 259 317 324 360 468 469
3 16 40 49 51 55 77 105 128 133 194 196 201 202 207 210 212 213 214 251 289 293 327 332 335 360 364 390 392 437 470 471 472 473 474
4 46 58 59 62 64 65 66 69 72 231 282 373 420 426 475 476 477 478 479 480 481 482 483 484 485 486 487
4 24 40 46 57 59 62 64 66 67 69 72 107 112 124 192 206 255 282 286 351 373 393 426 439 488 489 490 491 492 493 494 495
4 21 46 57 58 62 64 66 69 71 72 256 282 426 430 496 497 498 499
4 25 485
4 64 68 132 244 470 485 500 501 502
4 25 41 46 57 58 59 63 64 66 67 71 72 140 145 150 185 203 267 341 371 373 476 503 504 505
4 62 71 150 427 476 506 507 508 509
4 46 57 58 59 61 62 65 68 69 72 90 282 483 485 506 510
4 57 64 68 90 282 430 475 476 477 481 483 485 510 511 512 513 514
4 46 57 58 59 62 69 71 72 282 316 368 426 515
4 58 62 238 282 286 430 485 490 491 516 517 518 519
4 46 61 64 65 69 90 282 373 430 470 485 500 510 511 520
4 13 46 57 58 59 64 66 68 72 90 219 349 362 426 432 444 466 500 506 509 521 522 523 524 525 526 527 528 529
4 10 19 24 27 34 82 108 117 169 170 182 233 239 280 330 355 444 492 495 530 531 532
4 46 59 62 63 66 134 233 427 429 508 511 533
4 46 53 57 58 59 62 64 66 69 140 268 282 285 339 351 353 356 369 373 396 423 426 455 500 507 510 511 534 535 536 537 538 539 540 541 542
5 11 45 89 133 260 270 376 378 413 420 422 447 467 528 543 544 545 546 547 548
5 101 128 134 186 194 196 206 233 254 287 466 504 505 549 550 551 552 553 554 555
5 148 152 267 354 468 556 557 558 559 560 561
5 7 13 15 49 54 80 84 105 117 119 124 147 150 183 185 186 187 189 190 233 267 269 316 341 352 396 462 466 467 553 562 563 564 565 566 567 568 569 570 571 572 573
5 16 56 147 196 323 420 574
5 113 120 121 161 162 176 181 183 197 333 575
5 49 105 128 133 136 201 322 336 400 576 577
6 14 23 76 85 105 116 120 127 161 176 184 194 269 274 361 400 401 577 578 579 580 581 582 583 584
6 20 46 50 52 94 134 155 204 228 241 243 260 308 333 405 452 454 460 554 585 586 587 588
6 19 70 94 113 176 180 182 201 233 234 237 269 275 277 301 306 381 405 460 520 588 589
6 143 239 243 388 590
6 12 42 76 140 141 143 146 150 152 153 332 354 573 591
6 80 128 130 193 198 205 212 215 219 222 291 327 328 398 401 518 592 593 594 595 596
6 19 27 94 95 233 378 429 454 597 598
6 41 54 134 183 567
7 92 193 198 204 219 259 518 594 599 600 601
7 73 93 454 464 602 603 604
7 64 65 68 69 282 285 396 426 427 430 485 507 510 603 604 605 606 607 608 609 610
7 21 233 256 269 369 444 611 612 613 614 615
7 49 88 157 201 259 284 574 616 617 618 619 620
7 15 89 118 189 191 454 465 602 603 621 622 623 624 625 626 627 628 629
7 41 81 82 86 99 131 137 231 233 237 241 266 351 376 457 568 597 598 606 630 631 632 633
7 27 86 454 632
7 100 376 457 610 612 634
7 23
7 598 627 635 636
7 94 135 189 602
7 96 598
8 74 128 132 196 265 271 404 468 554 582 637 638
8 339 370
9 21 41 246 614 639
9 21 31 42 47 105 128 135 154 201 218 327 333 404 501 640
9 16 21 39 40 42 49 51 55 56 76 79 80 104 116 128 129 183 196 198 200 201 202 203 204 205 206 210 213 214 216 217 218 227 236 251 259 274 284 291 307 321 331 333 335 361 378 390 400 414 420 437 439 446 468 472 503 545 578 596 641 642 643 644 645 646 647 648 649 650 651
9 13 20 41 134 137 268 339 358 391 415 425 452 458 467 538 588 652 653 654 655 656 657 658 659 660 661 662 663 664 665
9 14 21 39 58 128 182 196 200 206 217 252 263 666 667 668
10 16 24 34 70 120 296
10 24
10 14 24 117 119 124 182 532 569 669
10
10 14 24 58 114 120 163 165 167 168 170 179 181 271 280 333 355 670 671
10 78 82 120 124 134 162 163 168 176 181 532 672
10 112 117 179 569 669
10 17 24 224 225 255 287 367 454 668 673 674 675
10 24 49 80 105 127 128 194 198 201 204 205 206 210 213 214 215 269 274 289 305 307 344 390 435 439 446 468 470 593 642 648 676 677 678 679 680 681
10 70 76 110 114 119 120 124 133 135 161 167 185 532 569 682
10 93 205 441 469 517 629 683 684
10 24 76 110 117 124 169 569 669
10 19 24 33 78 80 108 112 113 117 161 163 165 166 168 169 170 172 174 176 178 179 181 182 233 297 332 532 563 569 669 685
10 24 78 163 165 166 168 169 172 174 178 563
10 252 287 290 329 331 355 429 543 545 686 687 688 689
10 14 16
10 14 15 24 54 58 76 110 113 117 119 176 183 555 569 690 691
10 137 182 255 287 329 367 429 692 693 694
10 25 684
10 16 80 116 199 208 219 274 446 594 647 648 649 695 696
10 49 52 55 56 74 79 85 101 104 105 107 116 137 182 194 196 201 206 207 217 231 243 274 289 293 303 305 321 324 325 429 435 439 680 697
10 16 105 200 317 641 643
10 85 194 205 327 401 437 468 672 698 699
11 94 134 135 137 155 234 297 330 460 481 536 585 611 614 677 700 701 702 703 704
11 61 101 244 259 313 331 470 501 547 617 638
11 45 52 56 73 79 117 134 213 234 282 446 475 565
11 23 41 42 71 74 81 87 106 113 131 133 135 140 155 227 240 254 314 338 351 368 372 377 418 445 448 481 487 585 586 607 663 691 705 706 707 708 709
11 23 41 44 52 99 104 117 131 134 148 155 184 196 227 311 332 340 367 387 394 397 431 457 467 480 504 524 545 568 586 598 606 693 710 711 712 713 714 715
11 14 79 213 302 313 533 565 576 612 682 716 717 718
11 19 94 106 125 128 131 138 182 214 230 233 238 239 243 269 321 332 362 376 413 420 443 452 454 459 520 554 585 588 662 711
11 137 230 240
12 146 147
12 62 72 84 134 142 143 145 146 147 148 149 150 152 267 299 300 312 313 314 329 332 333 349 354 396 504 505 573 649 719 720 721 722
12 84 142 146 152 354 719 723
12 140 141 143 146 147 148 150 152 313 332 354 355 404 443 504 578 591 649 723 724
12 23 83 84 140 142 146 147 239 276 299 332 381 396 410 411 413 504 590 591 633 723 725 726 727 728 729 730 731
12 364 387 556 559 732 733 734
12 62 140 146 150 152 185 237 241 267 331 354 371 372 416 573 735 736
12 52 84 139 140 141 142 143 145 147 148 149 150 152 185 229 239 316 332 354 362 371 428 505 573 737
12 29 76 77 139 140 142 143 146 150 152 183 239 314 354 396 507 573 720 738 739
12 75 135 140 142 146 152 206 364 378 573 719
12 140 146 150 152 185 267 371 505 573 692 721 737
12 62 63 76 84 140 142 145 146 147 149 152 183 241 243 354 404 540 573 578
12 241
12 75 84 140 141 142 145 146 147 148 149 150 185 243 267 300 371 557 559 573 723 735 737 739 740 741 742
12 13 84 356 396 412 590 591 743 744 745 746 747 748
13 104 218
13 81 131 134 135 237 344 346 362 375 377 378 415 418 445 585 586 677
13 268 269 662 687 702
13 21 31 40 42 52 92 246 332 333 335 741 749
13 183 391 395 649 661 750 751 752 753 754 755
13 434 756
13 757 758 759
14 78 80 117 120 183 185 190 584
14 78 113 176 196 197 198 297 327 401 584 699
14 112 113 120 121 322 351 489 633 760
14 165 167 168 173 271 322
14 112 120 121 164 166 167 168 172 174 239 297 563
14 120 121 165 168 178 182 361 492
14 24 112 117 164 165 237 532
14 15 24 112 113 120 121 164 165 166 237 322 532 563 691
14 33 70 119 120 121
14 70 112 120 490
14 501 584
14 120 121 165 297 563
14 164
14 24 120 121 165
14
14 24 78 80 82 113 120 124 162 181 182 196 197 198 220 327 390 584 761
14 182 584
14 30 120 121 166 244
14 112 114 120 280 669
14 82
14 78 112 113 120 176 197 314 344 549
14 23 24 28 34 52 70 82 107 110 120 125 128 137 166 176 177 231 234 237 241 277 287 292 296 532 563 762 763
15 54 76 78 87 105 124 147 150 158 161 185 187 189 190 191 341 359 367 381 384 393 551 566 567 602 604 625 700 715 724 726 764 765 766
15 80 135 185 189 191 206 269 572 579
15 49 54 62 76 117 145 146 149 152 161 183 184 190 267 300 329 331 354 364 371 389 416 559 569 573 578 736 742 767
15 19 27 74 76 414 429 549 580 603 638 639 711 768
15 54 76 183 396 466 567 589 766
15 455 467 562 578 588 654 660 663 769 770 771 772
15 54 76 93 99 183 184 191 454 464 578 602 622 623 773 774
15 76 161 183 185 566 567 573
15 41 45 50 54 93 183 184 189 316 454 464 622
16 58 206 224 248 288 323 446 503 698 775 776
16 85 88 196 204 212 215 219 222 328 361 363 401 446 518 592 594 599 600 601 775
16 30 41 56 74 80 116 128 130 196 204 210 263 293 317 325 361 390 400 439 649 705 777
16 255 489 671 675 694 778
16 23 30 56 74 77 101 105 107 128 135 162 176 193 194 197 201 204 207 210 212 214 218 220 237 263 269 274 289 317 327 333 361 364 390 439 446 472 473 599 678 691 695 777 779 780 781
16 78 162 176 181 196 204 212 220 289 327 390 780 782
16 85 88 105 116 162 176 204 205 206 207 212 215 219 222 327 401 441 512 584 594 629 642 647 695 698 775 780 783
16 127 215 216 218 221 286 289 363 649 687 725 780 784 785 786
16 30 105 107 129 205 219 259 271 284 333 470 545 596 617 641 642 643 645 646 647 692 787 788
16 30 49 55 56 79 82 92 104 105 116 128 196 202 206 218 233 258 274 291 293 325 335 336 361 438 474 650
16 31 49 56 105 201 214 251 258 321 335 348 399 474 586
16 23 40 62 105 206 263 291 323 332 371 416 503 573 789
16 81 88 105 116 193 194 196 197 198 205 207 209 210 211 213 214 216 217 218 233 251 263 272 274 291 293 328 335 361 378 390 438 446 472 503 594 790 791
16 85 105 116 118 130 198 200 204 207 208 210 211 212 215 216 217 219 222 274 289 291 336 390 401 446 594 648 698 783 792
16 21 49 58 74 105 107 116 128 148 184 192 198 201 203 210 213 214 215 222 263 322 327 361 400 439 446 695
16 56 128 196 198 204 205 212 213 216 327 364 390 473 629 698
16 127 205 212 219 274 343 446 468 596 648 792
16 204 215 218 404 596
16 21 41 56 105 116 194 196 204 205 206 214 233 274 322 361 400 404 425 439 446 642 672 676 698
16 30 204 205 212 215 219 289 401 578 680 698 781 792
16 56 85 193 196 197 198 205 207 208 211 213 215 216 219 222 327 328 401 441 472 560 698 792 793 794 795
16 49 56 105 116 133 136 204 206 207 212 284 286 307 364 366 437 472 474 677 793 796 797
16 21 56 105 116 137 196 202 204 206 210 243 263 274 293 361 429 438 503 650 688 692
16 85 116 193 198 199 205 206 209 211 212 216 218 219 221 222 289 363 401 518 592 594 642 698 780 786
16 105 199 204 205 207 212 215 218 219 221 289 390 439 599 642 696 780 786 798
16 105 107 128 204 205 221 243 293 501 545 775 794
16 30 104 105 154 196 199 201 204 209 215 216 274 335 363 439 532 578 599 629 640 780 799
16 69 85 88 127 193 198 200 205 208 211 212 215 216 222 289 401 472 592 595 650 692 695 696 698 725 790 792 800 801
16 176 196 197 390 802
16 199 215 216 217 289 363 555 599 647 780 786
16 85 193 198 205 206 212 215 219 592 594 742 803 804
17 21 495 549 678 805
17 115 192 355 495 674 675 806
17 115 806
18 528
18 23 25 39 45 105 134 135 324 368 378 410 518 532 578 807
18 20 50 52 81 241 271 314 340 399 404 808
19 146 454
19 23 27 43 137 138 233 239 240 298 443 613 775 809
19 38 57 94 128 182 240 243 254 334 346 810
19 27
19 20 28 38 70 71 74 76 82 86 91 94 120 137 201 204 210 230 235 238 239 240 243 254 255 282 305 306 378 439 444 534 585 590 607 633 660 692 711 811 812 813 814 815 816
19 82 131 133 182 376 817
19 27 41 233 257 305 415 452 456 458 541 568 662 818
19 105
19 38 82 94 145 155 167 168 182 196 269 305 316 340 355 444 464 503 532 585 624 631 633 702 705 707 819 820 821 822
19 25 27 41 67 137 233 428 447 453 460 487 513 564 709 823 824
19 21 70 83 137 143 146 147 165 230 233 243 306 330 434 504 590 591 812 813 825
19 23 39 43 134 138 230 231 233 248 306 405 440 443 444 776 826
20 31 38 46 49 50 52 81 94 145 150 151 182 228 243 269 316 340 367 392 415 452 456 466 475 484 585 588 827
20 418 578 828
20 81 83 128 137 150 152 214 217 231 233 239 241 303 332 373 396 431 452 504 588 591 633 826 829 830 831
20 61 132 178 378 470 501 832
21 31 39 41 42 50 246 248 250 335 354
21 23 39 41 46 103 157 245 250 362 399 585
21 41
21 52 192 240 245 331 379 392 443 512 555 775 809 833 834
21 306
21 39 41 245 246 252 284 367 429 687 702
21 31 45 56 105 202 204 258 331 333 335 420 437 835
21 107 122 250 306 321 433 711
21
21 38 52 74 134 231 233 259 269 334 338 346 585 677 810
21 23 58 115 125 195 233 277 287 333 355 367 489 694 836 837 838 839
21 59 91 269 499 572 612 614 659 716 769 840 841 842
21 51 235 316 354 369 423 458 568 660 843 844
21 201 202 251 348
21 31 45 50 55 88 92 105 132 200 254 293 305 333 420 472 666 672
21 41 73 81 418 458 718 755 845 846
21
23 41 368 377
23 24 107 194 196 203 204 206 214 288 439 446 503
23 447 564 847 848 849
23 25 39 101 272 284 307 850
23 94 376 598
23 62 75 76 140 145 149 152 185 300 341 503 556 557 573 710 719 851 852
23 40 54 72 106 156 316 340 354 358 362 365 368 369 395 415 425 452 568 657 659 663 767 853
23 43 49 51 52 76 80 82 91 116 137 156 184 196 237 241 254 256 588 614 701 702 711 854 855
23 38 41 73 351 378 399 585 620 632 815 816 829 856 857 858
23 42 50 101 112 164 200 228 314 333 355 356 372 392 398 404 434 750 836 859 860 861
23 204 265
23 355 501 689 862
23 49 80 105 116 127 128 196 201 204 205 208 210 214 218 327 382 390 437 439 446 470 593 594 695 863
23 27 38 82 279 353 378 415 451 458 864
23 143 299 333 388 393 413 414 458 591 756 859 865 866
23 82 182 255 323 694 867
23 51 554 564 824 847 848 868 869 870 871
23 275 372 415 417 451 568 598 654 872
23 28 70 112 179 372 392 532 671 694
23 339
23 43 46 57 58 59 64 65 66 67 68 72 90 133 233 426 427 430 444 485 510
23 355 495
23 92 105 200 213 250 265 329 393 420 429 434 542 543 591 686 725 729
24 72 90 485 500 506 508 540
24 58 67 199 213 289
24 25 52 74 115 122 125 182 255 295 346 367 489 565 839 873 874 875 876 877 878 879
24 192 263
24 56 116 128 196 197 199 205 211 215 216 219 221 286 327 401 584 780 781 786
24 122 355 495 668 671 693 694 837 838 880
24 85 105 201 203 204 205 322 336 446 547 592 725
24 182
24 40 49 56 128 194 201 204 214 217 259 414 783
24
24 287 495 875
24 48 108 182 308 881
24 120 131 162 165 172 441 584 699 877 882
25 230 429 443 590 883 884
25 140 143 276 316 332 333 386 389 393 396 398 409 410 429 431 434 504 542 552 571 590 725 726 729 730 756 788 884 885 886 887 888
25 140 152 185 267 371 392 414 545 573 688
25 82 331 482 847 849
25 136 811
25 42 49 128 243 322 341 380 381 382 383 384 385 386 387 393 439 468 889 890 891 892 893 894 895 896
27 329 897
27 116 128 233 235 237 259 307 308 330 393 438 520 676 729
27 82 233 239 240 249 252 311 687 749 898 899 900
27 105 116 213 265 305 435 438 901
28 34 81 296 305 339 358 378 425 452 456 458 534 541 551 658 761 817 844 881
28 413 479
29 311 312 902 903
29 135 306 310 312 314 329 899
29 140 310 311 329 555 860 904 905 906 907 908
29 39 132 136 140 142 315 350 378 397 404 457 711 712 718 765 795 909 910 911
29 39 42 50 134 140 147 181 228 271 311 438 458 466 523 527 558 902 912
29 313 348 396 457 468 611 712 795
29 52 54 66 76 146 191 237 241 257 268 299 339 349 354 358 368 378 409 415 495 515 532 562 662 707 827 913 914
30 49 55 129 194 196 321 322 599 780
30
30 915
30 321 323 326 517 697
30 49 105 128 137 202 252 317 320 322 323 324 325 363 429 435 442 692 697 916
30 49 79 163 164 168 206 210 291 303 317 321 325 336 390 400 438 439 442 446 568 915 917
30 77 192 203 277 320 321 326 640 697
30 50 55 128 227 321 325 372 666
30 49 128 194 201 321 322 324 328 363
30 320 323 629 681 918
30 49 56 85 104 130 162 176 196 197 198 206 207 212 274 289 390 401 578 584 592 595 629 780
30 49 85 193 204 212 325 363
31 54 122 125 140 185 284 304 311 312 331 332 333 335 355 384 415 420 433 542 543 581 673
31 38 70 131 239 305 375 378 585 711 881 919
31 54 105 122 132 145 185 248 251 301 329 333 336 339 384 420 423 433 543 564 775 827
31 39 41 42 44 48 56 84 120 135 137 140 142 143 146 157 203 243 299 329 381 383 386 389 393 396 407 412 431 434 504 543 591 724 730 893 895 905 920
31 42 45 50 52 54 78 81 104 105 112 140 157 196 200 251 255 259 271 276 299 329 331 335 336 337 364 372 381 384 390 410 420 434 457 466 470 489 513 532 543 545 558 564 574 641 658 743 861 870 921 922
31 41 231 254 354 368 376 457 608 612 634 810 923 924 925
31 42 52 56 105 157 201 202 204 218 245 251 329 333 420 532 543 650 926
31 40 79 201 205 291 322 331 333 469 620 908
31 42 47 333 356 383 409 433 468 503 778 927
31 42 50 51 134 254 354 429 587 603 638 661
31 72 102 106 281 308 316 331 340 344 354 368 484 545 554 565 576 761 928 929 930 931 932 933
31 51 52 135 228 237 241 268 339 354 362 365 658 761 846 934 935
32 44 62 76 183 267 303 357 364 371 380 382 384 385 389 393 413 416 512 571 573 578 736 884 889 890 891 892 896 908 936 937 938
34 881
34 208 400 446 698
38 49 116 155 181 339 415 466 489 541 549 564 568 660 677 939
38 350
38 54 155 231 254 287 368 375 399 418 551
38 356 590 743 746 748 940 941 942 943 944 945 946
38 202 258 315 445 585 611
38 45 69 140 316 362 523 947
38 313 345 366 711 948 949
38 46 52 58 72 94 134 163 270 368 554 632 687 705 727 829 844 870
38 76 455 467 562 588 654 656 660 769 950 951 952 953
38 41 51 72 275 392 501 538 568 578 841 954
39 40 41 42 46 50 51 54 75 84 140 141 142 145 146 147 150 185 245 257 268 316 334 338 339 340 356 358 365 368 371 399 415 505 573 720 767 859 930 955
39 40 41 42 45 70 112 122 142 224 237 255 271 273 283 290 329 356 357 367 392 402 416 468 489 495 501 532 666 668 671 691 693 694 838 874 956 957 958 959
39 42 72 153 271 337 347 354 355 389 392 399 407 410 414 468 470 543 552 586 590 591 724 725 744 745 747 750 905 945 946 960 961
39 341 355 383 416 889 891 896
39 41 106 268 308 316 354 369 378 425 452 515 548 707 750 769 921 962
40 183 521 711 765
40 55 56 361 472
40 49 80 105 166 193 194 196 201 204 206 210 214 360 400 436 796
40 45 52 69 137 146 155 246 268 340 349 432 466 523 544 963
40 49 193 199 215 218 221 321 325 328 441 786
40 56 144 148 185 196 207 213 333 341 472
40 52 268 340 354 369 767 954 962
40 51 213 350
40 48 50 52 115 125 135 183 241 250 255 287 355 468 470 489 495 532 672 675 687 688 693 767 838 879 964 965 966
41 50 51 66 134 227 262 268 316 334 339 346 351 354 369 372 392 415 660 864 929 953 962
41 72 91 257 268 358 365 368 452 579 954
41 102 395 417 609 872
41 62 145 146 149 152 185 203 300 341 354 416 503 736
41 42 134 145 271 279 280 324 333 368 378 467 538 730
41 46 57 58 62 68 72 243 429 704
41
41 155 330 346 391
41 73 94 96 137 234 266 334 378 397 403 417 421 429 454 457 606 608 610 612 630 634 734 872 967 968 969 970 971
41 134 155 262 429 445 585 882 972 973
41 42 54 73 86 105 148 155 204 227 233 244 270 275 308 313 316 330 358 372 376 389 390 391 413 454 467 585 588 648 661 662 713 750 753 974 975
41 248 659 809 833
42 303 341 381 382 385 387 784 976
42 82 143 183 303 332 333 380 382 383 384 385 386 387 393 413 504 552 591 730 784 890 892
42 274 303 341 380 381 383 384 385 386 387 578 593 784 890 936 977
42 44 303 332 337 357 381 382 384 386 387 504 884
42 183 303 329 331 333 341 381 382 383 385 386 387 393 407 409 543 578 784 796 891 892 896 938
42 303 341 380 381 382 384 386 387 393 726 784 890 896
42 44 299 303 332 381 382 383 384 385 387 504 730
42 135 144 303 380 381 382 383 384 385 386 591 938
42 83 276 396 404 591 833 859 890 958
42 185 299 332 341 356 378 396 410 413 431 434 542 552 571 633 724 726 729 756 788 809 884 885 886 887 888 978
42 49 56 105 116 176 194 196 197 204 205 207 216 220 274 322 327 333 378 446 584 725 781 786 802
42 106 158 375 378 418 458 657 752 835 840 979
42 56 241 248 271 280 300 353 355 356 368 538 846 902 953 980
42 58 183 276 284 299 303 305 332 341 381 384 385 439 443 504 730 892 893 894 895 920 976 981 982 983
42 135
42 158 268 370 661 752 753 767 846 984
42 72 76 90 140 143 147 153 187 243 299 315 332 388 389 410 412 434 466 504 542 552 571 724 743 745 747 748 756 890 892 943 944 958 985 986
42 135 313 376 421 457 468
42 85 271 299 756 942 958 976
42 45 46 202 228 246 270 346 354 356 572 701 840 960
42 79 80 105 194 206 210 322 343 361 574 581
42 80 85 130 162 193 198 205 211 212 215 219 289 327 436 441 584 698 699 798 802 987
42 52 355 434 657 905 988 989
42 376 468 545 578 697 968
42 50 101 104 142 150 209 210 228 271 313 388 434 573 677 990
43 81 82 240 429
44 407 408 731
44 332 356 384 406 408 410 411 552 730 775 991 992
44 406 407 409 646 725 731 775 904 908
44 299 316 337 384 408 410 411 431 434 591 705 726 729 859 892
44 143 227 299 333 356 389 396 407 409 411 413 431 434 542 543 726 788 892 937 993
44 143 407 409 410 540 552 773
44 153 332 396 413 552 590 724 726 743 745 943
44 52 73 137 143 276 309 341 378 381 389 410 412 552 590 724 884 983
44 46 105 186 276 293 300 356 434 749
45 106 155 235 241 268 275 279 316 329 344 354 368 452 507 535 538 549 568 652 662 705 827 914
45 145 185 203 341 355 357 371 573 851
45 279 370 376 457 612 750 872
45 134 155 242 260 346 391 484 523 605 755 994 995
45 460 486 513 564 808 848
45 57 73 77 105 137 251 259 284 329 331 333 335 543 574 775
45 376 397 609
45 73 447 554 564 824 957 996
45 72 257 331 660 997
45
45 106 210 268 308 358 430 659 817 840 929
46 57 58 59 66 69 72 90 282
46 63 71 90 282 476 500 507 508 509 517 864 868 908 998 999 1000
46 146 238
46 71 86 122 125 128 186 214 250 284 298 299 321 338 373 376 377 405 454 460 520 543 546 554 632 775 817 884 898 919 1001 1002
46 59 65 67 68 90 282 425 485 497 499 500 510
46 135 243 299 332 389 409 410 756 892 904 1003
46 69 362 610 822 860 907 932 963 1004 1005
47 252 329 331 337 543 687 802 927
48 159 239 271 284 299 332 333 389 396 402 404 409 410 414 468 504 540 542 552 571 636 687 724 726 729 748 756 788 884 885 886 887 888 993
49 116 128 307 321 691
49 361 401
49 56 105 130 213 251 274 439
49 201 204 214 305 307 314 322 501 552 725 729
49 58 105 116 128 194 196 206 210 216 218 233 263 274 303 322 393 437 650 1006
49 240 444 640
49 118 198 212 297 363 401 517 584 698 699 806 882
49 321 322
50 137 142 230 240 248 298 393 444 504 539 749 775 809 834
50 69 70 91 233 237 240 282 440 443
51 134 155 348 377 448 451 461 568 586 588
51 105 116 127 133 192 193 196 204 205 206 208 210 263 274 291 322 343 390 468 594 641 695 915
51 73 238 264 422 475 477 482 484 564 816 824 996 1007
51 134 445
51 456
51 459 731
51 275 279 445 500 507 538 662 772 836 950 1008
52 81 106 137 235 241 243 268 308 358 369 415 455 456 515 588 652 654 656 657 662 663 688 914 1009 1010 1011
52 238 484 564 687
52 54 81 86 89 93 95 115 137 189 191 229 376 378 429 464 578 598 603 604 621 622 623 624 625 704 708 821 1012 1013 1014
52 72 188 352 452 515 588 654 660
52 235 241 308 449 452 761 817 1009
52 94 96 135 313 315 333 334 376 397 417 468 923
52 106 235 257 260 275 276 308 314 391 548 603 632 707 840 1001 1015 1016
52 137 450 700 701 840 842 980 1017 1018 1019
52 81 82 131 238 419 429 471 477 484 486 487 513 533 554 564 757 848 922 995 1002 1020 1021 1022 1023 1024 1025 1026 1027
52 445 632
54 76 818 990 1009 1028
54
54 89 189 191 237 454 603 624 625 626 774 821 1013 1029
54 93 545 602
54 69 74 76 187 241 314 333 344 362 396 523 549 638 711 765 1030 1031
54 73 76 106 135 188 352 372 378 468 470 549 588 654 660 769 770 819 952 1010
55 75 101 105 116 130 208 303 315 337 355 356 367 397 403 434 446 457 467 489 552 558 573 649 836 912 932 965 1032 1033
55 118 336
56 61 68 116 132 200 244 274 333 356 367 467 500 501 521 810 836
56 460 513 545 757 808 848 1034
56 105 196 204 212 213 219 259 360 364 696
56 196 207
56 201 202 213
57 65 133 241 447 483 554 709 849 1007 1020 1035
57 62 63 65 427 480 485 508 757 870
57 65 447 460 483 486 933 995 996 1020 1036
57 564
57 309 480 481 554 564 849 957 1037
57 135 476 479 483 675 811 875 957 996 1037
57 65 131 134 479 487 554 564 663 691 706 709 847 1038 1039
57 301 447 849 868 995
57 64 65 475 477 480 484 486 487 491 497 499 522 564 607 709 869 995 1008 1022 1035 1040 1041 1042 1043
57 241 339 418 447 453 460 483 486 549 564 709 870 871 995 1024
57 60 61 64 65 67 68 90 282 285 430 476 508 510 605
57 419 460 477 483 484 513 565 757 848 922 995 1020 1023 1036
57 134 238 460 481 483 564 757 1026 1044 1045
58
58 163 195 255 287 333 344 355 367 468 495 675 689 694 874 878 1046
58 67 170 491
58 67 483 490 497 517 522 607 632 1041
58 70 166
58
58
58 70 223 224 283 290 295 316 355 367 489 668 689 694 806 874 875 878 1047
59 979
59 430 483 491 607 1041
59 499 700 764 979 1048
59 256 430 483 498 701 1001 1049
61 68 69 72 285 427 430 451 470 506 507 508 537 539 562 607 730
61 104 132 171 217 244 273 353 355 438 470 549 638 643 660 818 821
61
62 105 192 203 204 214 237 263 267 337 371 505 573 651
62 74 135 140 142 143 239 243 299 332 381 383 386 393 396 434 443 549 552 724 726 730 833 892 893 895 920 981 1050
62 74 140 146 149 354 503 573 736 741
63 64 69 285 500 509 525
63 72 90 147 415 427 451 500 509 517 540 562 607 890 942 999
63 71 285 427 476 485 500 509 511 607 718 755
63 69 427 506 507 508 521 712 1050
64 65 68 72 90 282 430 485
65 68 71 72 508
65 198 248 341 698 775 809 833 834 889 896 904 908 992 1051
65 238 333 419 460 471 486 564 757 808 848 1034
65 1052
66 316 358 452 455 771
67
67 118 320 427 441 491 507
67 85 88 193 215 227 532 592 594 599 600 601 836
67
68 82 137 305 429
69 359 470 509 529 578 711 765 1016
69 483 491 607
69 314 349 362 418 466 528 546 570 765 822 1053
69 135 578
69 506
69
69 314 529 558 902 912 1054
69 73 226 523 549 765 822
69 521 527 558 903
70 950
70 881
70 110 113 117 120 167 168 182 218 227 237 280 316 333 335 355 367 518 654 680 687 705 831 1055
71 136 460 612 757
72 233 308
72 415 1056
72 131
72 500
72 106 353 372 392 415 451 950 1057
72 443 500
72 150 285 411 434 507
72 235 308 344 549 1009
72 284 299 329 389 396 410 434 552 725 726 729 756 833 886 888
73 122 284 329 331 332 333 335 356 384 410 420 429 433 558 581 617 687 709 721 1034
73 362
73 105 122 135 200 217 300 333 339 403 465 471 581 641 709 721
73 429 523 569 1053 1058
73 132 291
73 358 458
74 181 186 223 344 415 466 467 484 501 504 528 541 551 564 568 660 765 816 831 1059
74
74 183 308 346 549 765
74 299 356 381 389 396 407 411 412 413 434 438 468 504 542 571 590 725 726 729 730 756 788 884 885 886 887 888
74 76 568 663 853 1060 1061
74 81 101 137 278 339 351 422 429 460 475 479 481 564 565 709 824 849 868 869 928 1007 1062
74 124 221 248 312 592 687 775 833 834 860 1009 1063
75 144 267 573
75 152 267 573 720 721
75 314 333 468 527 529 543 902 903 912 1054
75 144 152 185 741
75 212 1064
75 860 902 912 1054 1065 1066
76 188 316 352 500 507 568 578 588 654 660 677 769
76 120 121 165 168 172 182
76 238 264 278 331 333 344 419 422 447 453 460 478 479 481 483 484 487 513 549 554 578 660 709 762 808 824 848 849 868 869 957 995 996 1026
76 133 136 287 339 486 554 816 824 1038
76 183 190 567 882
76 87 183 187 190 566
76 94 135 235 257 268 279 322 344 353 415 445 549 553 562 598 656 660 954 1061
76 110 114 117 119 120 124 185 546 669
76 523
76 299 341 389 396 434 552 595 726 756 788 885 886 887 888
76 184 256 399 612 659 960 980
76 84 140 145 146 147 148 149 150 152 185 190 203 267 300 341 354 404 416 468 503 505 556 557 710 851
77 92 333 400 420
78
79 136 339
79 80
80 105 142 150 185 188 189 211 218 227 242 327 341 353 382 384 403 454 521 524 562 564 603 604 611 656 659 671 715 811 866 891 1067 1068 1069 1070 1071
80 184 369 844
80 186
80 329 400 543 545 686
80 101 757
80
80 161 162 171 176 177 198 289 297 327 390 401 441 699 780 806
81 131 134 137 155 233 237 241 246 254 270 330 348 377 378 663 677 691 700 706 983
81 134 135 155 202 356 445 638 883
81 338 1031 1072
81 82 106 137 188 241 243 269 352 378 445 452 455 467 562 654 655 656 660 687 769 770 772 819 951 952 953 954 1073
82 187 662
83 143 153 233 239 298 299 347 356 412 413 552 591 724 730 743 744 747 748 756 940 945 946 961
84 142 143 153 239 243 276 284 332 356 381 387 388 409 590 724 725 726 743 744 746 945
85 193 215 219 222 291 327 518 555 594 595 650 725 895 1074
85 116 274 382 695 745 1075 1076
85 88 127 193 198 204 205 215 222 274 446 518 592 599 600 601 648 695
85 219 327 571 592 725
85 105 200 208 209 742 786
86 94 598
86 94 98 100 135 266 279 454 568 597 603 621 623 654 708 715 741 925 953 1032 1062 1077
88 193 196 216 218 221 317 518 594 601 780 786
88 193 518 594 725 742 965
88 193 518 594 599 1046
89 93 99 183 189 465 622 623
89 90 93 186 338 454 458 464 578 598 621 630 741 855
89 90 183 454 578 621
90 418 485
90 94 135 376 872
90 134 233 483 491 497 500 507 508 522 1041
90 334 376 634 924 985
90 370 421 872
90 96 376 432 612 822 967 1078 1079
91 131 315 348 578 614 1001
91 96 136 256 334 376 417 533 572 610 923 968 985 1080 1081 1082 1083 1084
91 230 1019
91 103 131 256 269 611 700 854
91
92
92 132 200 543 1085
92
92
92 270 336
93 454 598 603 604 737
93 189 191 454 602 623 1013
93 189 454 598 602 622
93 237 454 464 821
93 183 454 464 677
93 464
93 98 636
93
93 118 198 207 218 326 327 640 683
94 376 603 872
94 237
94 95 270 351 429 458 461 491
94 143 163 233 237 243 389 730 859
96 334 376 608 872 924 969 985 1078
98
98 434 627 737 1014
101
101 132 186 338 466 501 586 677
103 186
104 218 323 440 629
105 129 200 333 446 545 642 643 645 646
105 116 198 200 210 215 216 641 643
105 129 200 501 641 642 645
105
105 200 641 643
105 200 408 641
105 127 198 200 221 783 786 787
105 116 127 205 208 378 594 695 792
105 127 140 142 158 194 199 468 660 773 783
105 201 214 219 335 439 592 696 698 775
105 503 1086
106 415 452
106 853
106 188 279 352 452 455 467 532 562 588 598 656 660 769 770 772
106 588
106 352 452 568 578 588 654 769 953
106 268 391 402 452 661 752 825 846 979
106 308 333 340 935 987 1087 1088 1089
106 256 268 379 425 572 578 853
106 188 233 257 344 352 368 423 455 467 501 549 562 564 568 588 649 654 664 677 769 772 962 1060
106 158 338 378 395 657 704 752 754 984 1084
106 137 156 235 316 378 415 451 452 589 715
106 134 188 268 452 481 553 585 691 706 1090
106 660 1091
106 990
107 259 324 355
107
107 115 290 355 495 694 880
110 114 119 120 179 569
112
112 195 280 290 355 578 778 836 1092
113 130 210 259 367
115 329
115 224
115 195 224 367 480 489 694 875 1047
116 210 305
116 131 155 213 254 344 404 562 585 625 638 660
116 196 223
116
116 128 211 532 1093
116 326
117 136
118 629
118 126
120
122 284 581
122 156 199 250 306 351 367 433 434 453 532 543 555 588 692 698 703 704 1001 1007 1067
122 214 300 367 452 884
122 273 489 495 694
124
124 134 168 196 355 435 481 585 663 706 853 975
125 149 200 214 219 233 321 687 884
125 135 290 355 367 1086
125 195 255 277 280 290 355 489 495 668 675 689 1094
127 196 198 206 219 274 446 593 594 648 696 786
127 216 219 472 650 695
128 320 321 323 403 775 790
130 192 198 205 207 210 211 212 215 219 343 401 441 512 650 687 790 797 801
130 162 297 401 441 584 806 879 987 1095
131 183 459 498 585 614 840
131 269 399 459 499 840 1096
131 156 237 250 269
131 687 783
131 373 454 661 687 775
134 194 237 351 409 415 532 996 1097
134 481 585 663 691 755 847 994 1038 1039 1043 1098
134 237 316 358 458 825 853 954 1010
134 454 598
134 238 475 481 483 484 543 545 554 564 816 849 1035 1038 1098
135 267 573 721 732 733 851
135 137 186 233 252 269 313 330 350 359 466 521 861 900 1050
135 313 315 509 795
135 378
135 988 1099
135 183 578 598 662 950
136 256
136
136 260 313 508 812
140 141 148 267 908
140 147 354 557
140 149 543 545 557 710
140
141 142 143 152 737
142 183 332 356 389 396 412 413 434 504 590 591 744 746 747 940 941 945 946 958 986 1100
143 199 219 284 291 299 356 390 408 438 542 552 591 592 595 600 726 729 730 787 798
143 183 299 385 389 409 410 412 434 504 542 552 571 591 725 729 756 788 885 886 887 888 978
143 351
143 731 976 992 1003
143 284 299 305 389 409 434 438 542 552 725 726 859
143 299 332 372 381 386 393 407 500 504 552 590 633 725 756 945 981 982 983
143 406 408 450 728 974 992 1003
144 710
144 710
144 376 821
145 152
145 185 341 371 505 937
146 149 152 621 636 723
147 793
147 152
152
152 157 505 559 598 603
152 185 222 596 600 965
153 333 347 396 412 590 591 746 748 944 945
153 356 590 591 724 745 746 748 783 945
153 356 396 412 593 744 746 748 940 945
153 347 591 724 743 744 745 748 945
153 356 396 590 724
153 347 396 434 590 743 744 745 746 940 1075
157 306 414 443
158 271 356 358 378 417 872
158
158 391 395 657 661
158 378 395 754
158 661 753 812
158 260 418 508 706
159 276 299 389 396 398 431 434 542 552 571 590 726 730 775 788 885 886 887 888
160 460 471 476 486 487 513 533 582 808 848 1020 1025 1026 1027 1045 1101
160
160
163
176 308 339 340 456 930 935
182 564
182
183 498 1048
183 313 359 466 521 523 528 549 551 795 822 1053 1102
183 187 774
185 268 354 365 367 395
186 1103
188 256 352 358 467 562 588 654 656 660 770 953
188 467 588 654 769 819 975 1073
188 515 953 1104
188 451 588 654 660 819
189 411 649 976
189 464 766 896
192 193 198 217 230 248 331 407 408 420 429 443 512 555 650 697 704 756 809 833 834 884
192 240
194 196
195 337 671
196
196 197 198 199 215 216 218 221 289 317 327 584 599 786
196 211 289 390
197
198 205 293 647 649 703 744 786
199 380 381 382 384 385 885 890 891 895 936
199
199 215 216 221 289 363 390 596 599 647 695 780 783
200 647 725
200 299 389 410 434 552 571 726 756 885 886 887 888
203
204 219 697 698
204
205 208 211 212 219 648
212 213 738 1005 1067 1069 1078 1105
212 217 809
212 313 315 712 765 903 1066
213 361 384
213 698
216 401 725
218 926
219
219 698
220 390 401 433 1106
222
222
223
224 225 441 495 584 699
227 850
228 419 471 513 564 757 848 1023 1034 1097
230 248 379 389 443 512 775 794 833 834
231 254 334 470
233 302 480 578 957 1037
233 239 718 754 846
233 239
233 825
233 270
233 270 447 549 565 709 823 847 849
234 308 425 429 456
235 462 501 990
237 467 588 770 772 952 953 1058
237 853
237 454 464 501 624 734
237 432 523 528 610 765 1053
238 816
238 278 422 447 554 564 565 868 870 1036 1107
239 657 707 814
240 243
241 316 331 415
242 1062
243 270 351
243
243 532 549 976
244
248 379 388 504 512 542 555 775 809 834 908
248 443 512 555 775 809 833 1108
251 391
255 271 451 468 470 518 671 859 1010 1109 1110 1111
255 290 838 880
255 290 355 367 837
255 287
256 391 399 425 458 459 700 701 980
256 353
256 459
257
257 308 351 579
260
260 340 392 395 657 812
264 278 301 481 706 816 1035 1039 1043 1098
264 278 419 460 471 486 513 564 757 808 1034 1045 1098
264 301 475 479 482 554 564 709 816 1035 1037 1043 1098
265 807
267 416 573 710
267
268 553 653 659 691 707 820 929
269 614 869
269 603 868 869 871 923 1112
270
270
270
271 276 354 388 409 633 729 836 1113
271 312 432 555 561 907 963 1005
271 333 711 988 989 1050
273
274
275 368 427
276 976 1113
276 578
277
278 427 482 554 564 824 855 869 870 1112
278 483 554 564 854 855 868 1112
278 333 351 476 484 824 868 871 1035 1038 1114
278 484 855 870
279 370 376 417 606 609 630 634 750
287
287 355 489 495 1115
287 295 480 495 675
287
287 297
287 489 495 1095
287 367 699
290 668 837
296 308 330 342 531
297 377 441 566
298 586
298 299 341 383 389 413 429 434 552 688 692 775 1116
299 389 434 552 571 726 756 784 788 886 887 888
299 389 434 542 552 571 726 756 788 885 887 888
299 389 434 552 571 726 756 788 885 886 888
299 389 434 542 552 571 726 756 788 885 886 887
303 341 357 512 891 896 936
303 341 381 382 385 388 396 507 784 978 1117
303 341 357 384 578 784 889 896 907
303 341 381 384 393 396 409 410 431 504
303 332 393 504
303 393 895 920 976 981 982 983 1011
303 332 393 504 592 784 894 920 976 981 983
303 341 357 384 385 512 774 889 891 924 936
304
306 429 1118
306 311 900
306 711 899 1058
307
310 314 392 527 558 561 912 1066
310 529 558 795
312 408 431 512 908 1051
312 332 356 402
312
312 432 860 891 911 1004 1005 1067 1069
312 336 341 408 427 512 719 833 904 992 1003
313
313 1005 1067 1069 1078 1105
313 907
314 468 527 558 561 902 1054 1065 1066
316
316 415 452
319 322 446
321
322
326
330 429 1119
332 393 504 894 895 981 983
333 358 1090
333 460 486 1002
334 457 612 855 1023
334 608 634 896 985
334 598
335 799
337 433
339 554 1062
339 368 425 853
339 354 761 1120
339 1011 1121
339 432 468 963 1005
339 477
340
340 658 761 987 1087
341 382 784 889 896
341 410 736
341 384 387
344
347 590 724 745 748 941 946
347 724 940 942
347 398 507 941 958
347 396 412
347 396 743
347 356 590 591 724 730 743 744 745 746
347 356 590 724 940
349
350
350
352 451 530 538 715 952
352 588
352 467 588 819 950
352 368 392 588 598 656 769 771 819
353 365 369 568 588 707 962
354
355
355 422 479 480 564 811 995 996 1037
355 388 396 398 724 942 986 1063 1100
355
356 399 572 1122
356 590
358 365 368 660 954
362 432 860 932
367
367 468 600 742
367
376 610
376 403 612 1080 1084
376 634
376
376
377
377
378 731
378 691 770
380 393 398 728 773 831 865 894 895 981 983
382
389 726 890
391 496 498 657 1123
392 459 572 840 1068
393 504 730 894 895 920 976 983 1124
393 730 894
393 413 585 730 894 895 920 976 981
395 661
396 608 612 634 924
396 724 958
401 658 699 935 1087
402 714 861 1050
402 861 1050
404 462 665 818 1009
407
407 512 728 731 908 1003
410 434
418 706
418 460 477 482 483 484 486 564 957 996 1026 1043 1112
422 447 477 480 564 705 957 995
423 1123
427 1125
427 507
427
429 458 499 611 687 1049 1126
429 460 922
431 728 731 908 992
432 907 1005 1067 1069 1105
432 793 860 907 910 932 1004 1067 1069 1070 1105
439
447 475 554 687
451 483
452 456 462 541 555 990 1127
452 467 707 836
452 894 931
454
454 464 622
454 636
458
458 521
459 1019 1068
459
459 613 1017 1068
460 475 477 486 757
460
460 483
460 486 808 923 1128
460 484 1097
460 757
460 487 564 757 995 1045
460 757
462
464
466
466 587
468 598 1069 1078
468
471 513 543 808 848
475 483 709 847 849 870 1038 1039 1043 1098
477 486 824
479 480 811 849 957
481 565 706 709 870 1035
481 706 847 1035 1043 1098
483
483 491 497 607
483
483 706 847 849 995 1035 1039 1098
487
487 757 848 1026 1112
489 601
495 675
498 764
499 1001
504 509 711 861 988 989
512 904
514
523 546 765 822 1129
527 558 561 912
532
535
538
546 819 900
549
553 660
553 568
554 598 828 928
555 958
560
561 912
561 795 902 912 1105
578 687 793 907 910 1004 1005 1069 1070 1078 1105
578 980 1017 1019
578 793 907 910 1004 1005 1032 1067 1070 1078 1105
578 1005 1067 1069 1105
578
587
588 770 1130
592
593 748
593
598
610 634 793 910 1032 1067 1069 1079
610 1078
612 968 1084 1131
612
612
612
612 661 968 1080
617
651 693
658 935 987 1132
658 1089
658 1088
663 921
664
671
680
694
699 878
701 1133
705 808 1024
706 709 847 848 849 1035 1039 1043 1112
714
724 958
757
765
768
771
793 910 1004 1005 1066 1067 1069 1070
802
824
834
836
836
836
855 868 869 995 1045 1098
859 865
870
874
884
890
898
919
930
931
960
979 997
981
998
1001
1009
1023
1053
1073
1080
1087
1096
