143
17 72
3 19 20 27 29 31 48 65 67 69 71 132 136
2 4 19 20 28 31 65 67 69 71 132 136
3 19 20 27 29 31 54 69 71 132 136
22 72
9 13 16 26 47 49 64 66 105
11 12 24 74 75
112 124
6 13 47 49 51 56 66 74 75 78 91 139
17 21 37 53 70 72 122 124
7 12 17 32 37 74 124 137
7 11 32 37 74 75
6 9 26 32 47 49 56 66 75 105 139
16 22 26 50 64 68 72 73 132
85
6 14 26 47 50 64 73 105 107 122
1 10 11 21 24 25 32 36 37 39 40 41 43 48 55 58 60 61 70 76 82 95 101 104 105 115 121 122 124 128
19 20 27 29 31 48 65 67 69 132
2 3 4 18 20 27 28 29 31 48 54 67 69 71 132 136
2 3 4 18 19 27 28 29 31 54 65 67 69 71 107 132 136
10 17 70 83 105 124
5 14 31 38 48 50 64 68 72 91 105 111 126 140
33 87 91 111 120
7 17 25 39 58 60 122 124
17 24 55 60
6 13 14 16 47 51 64 74 91 105 139
2 4 18 19 20 31 48 69 71 136
3 19 20 31 65 67 69 123 132 136
2 4 18 19 20 54 67 69 71 132 136
38 44 65 123
2 3 4 18 19 20 22 27 28 48 50 65 67 69 72 132 134 136
11 12 13 17 37 40 43 49 55 56 66 74 75 103 124 137 141
23 34 120
33 81 120
43 50 53 76 77 105 107 119 123 125
17 37 39 58 60 89
10 11 12 17 32 36 40 56 72 74 100 105 115 137
22 30 91
17 24 36 40 41 48 58 60 70
17 32 37 39 60
17 39 59 60 104 115 121 122
81
17 32 35 52 53 61 77 90 91 95 99 100 101 103 105 109 117 122 142
30 77 78 105
68 105 118 119
95 100 108
6 9 13 16 26 49 51 56 66 67 77 90 105 131 137 139
2 17 18 19 22 27 31 39 58 60 69 72 74 90 91 99 101 121 132 136
6 9 13 32 47 51 56 66 75 139
14 16 22 31 35 53 64 65 68 72 105 107 118 123 142 143
9 26 47 49 66 75 94 112 130 132 139
43 105
10 35 43 50 57 63 64 77 105 118 119 123 125 142
4 19 20 29 69 71 136
17 25 32 60
9 13 32 37 47 49 66 74 75 90 95 105 122 137
53 74 95 102 105 117 121
17 24 36 39 48 60 70 104 115
41 75 137
17 24 25 36 39 40 41 48 55 58 104 115 121 124
17 43 95 101 105 121
95 112
53
6 14 16 22 26 50 53 73 74 105 132 142 143
2 3 18 20 28 30 31 50 67 73 118 123 125 132 136
6 9 13 32 47 49 51 56 95 131 139
2 3 18 19 20 28 29 31 47 65 69 71 118 125 132 136
14 22 45 50 72 91 105 123 125 134 143
2 3 4 18 19 20 27 28 29 31 48 54 67 71 72 136
10 17 21 39 58 79 124
2 3 4 19 20 27 29 54 67 69 136
1 5 10 14 22 31 37 48 50 68 69 105 132 134 135 136 143
14 16 64 65 123 125 132 143
7 9 11 12 26 32 37 48 56 57 64 75 94 105 108 114 132 137
7 9 12 13 32 49 51 56 59 74 95 97 131 137 139
17 35 89 100 105 115
35 43 44 47 53 82 99 100 101 105 109 142
9 44 91 105 111 118 124
70 90 102 121
112
34 42
17 77 91 95 115 116 120
21 90 104 105 122
86 127 130 141
15 86 113 126 129 130 133 134 141
84 85 113 129 130 141
23 111 116
95 112
36 76
43 47 48 56 79 83 99 101 109
9 22 23 26 38 43 48 68 78 82 105 107 111 116 120 122 128 142
141
100 109
51 74 102 112 121
17 43 46 56 57 61 62 66 75 82 88 100 101 102 105 108 109 112 117 118 122 124 142
126 128
75 105
130
43 48 77 90 101 104 109 110 124
37 43 46 76 77 93 95 109 115 117 124
17 43 48 61 77 90 95 99 103 105 109 118
57 79 94 95 105 114 117 121 122
32 43 101 109 117
17 41 58 60 83 99 110 121 124
6 13 16 17 21 22 26 35 37 43 44 45 47 50 52 53 56 57 61 64 68 72 74 76 77 78 83 91 95 97 101 102 107 111 117 118 119 122 123 125 139 142
111 115 116 120
16 20 35 50 91 105 118 119 125
46 74 95 112
43 77 90 93 95 99 100 101 103
99 104 122 124 138
22 23 78 87 91 105 106
8 51 62 80 88 94 95 108 124
85 86
74 102 121
17 37 41 58 60 76 82 100 106 120
82 87 91 106
43 57 95 100 102 103 105
45 50 53 65 67 78 95 101 105 107 119 123 125 142 143
35 45 53 105 107 118 123 143
23 33 34 82 91 106 115
17 41 48 57 60 61 79 94 102 104 114 137
10 16 17 24 41 43 56 83 91 95 102 105 110 142
28 30 35 50 53 65 68 73 105 118 119 125 143
8 10 11 17 21 24 32 60 70 78 95 99 100 104 110 112 138
35 53 65 67 68 73 105 107 118 123
22 85 96 129 130
84 130 141
17 91 96
85 86 126 130 134 141
51 84 85 86 98 126 127 129 141
47 66 75 137
2 3 4 14 18 19 20 28 29 31 48 51 64 65 67 72 73 74 136
85 141
31 68 72 85 129 135 140
72 134
2 3 4 19 20 27 28 29 31 48 54 65 67 69 71 72 132
11 32 37 47 56 59 74 75 121 131
110 124
9 13 26 47 49 51 66 75 105
22 134
32 84 85 86 92 127 129 130 133
43 50 53 64 77 91 95 105 118 122 143
50 64 68 72 73 118 119 123 142
