1266
157 224 624 1171 1240
3 30 44 271 423 652
2 53 85 125 169 205 216 236 301 321 451 554 564 702 941 948 986 996 997 1058 1079 1096 1097 1208
625
204 271
26 52 88 112 177 331 408 417 456 470 522 847 859 884 898 899 907 923 962 1020 1068 1105 1116 1151 1216 1263
95 156 187 207 217 226 242 244 405 437 508 513 522 551 624 683 689 703 707 762 785 814 927 948 1039 1046 1203 1261
214 291 411 491 571 641 743 790 822 989 1154
989
14 46 82 138 375 785 973 996 1059
89 99 223 342 404 423 573 708 798 948 997 1068 1106 1151
44 75 143 224 453 641 699 976 1017 1069 1139
16 100 125 132 157 273 342 397 417 432 460 473 480 492 622 624 699 703 797 825 893 961 1149 1151 1240 1249
10 20 58 83 89 97 103 131 149 150 153 181 220 221 224 258 289 319 369 405 469 472 492 501 593 596 617 619 668 681 731 733 739 821 858 907 920 960 961 978 991 992 1010 1049 1069 1071 1087 1106 1123 1165 1171 1202 1208 1218
204 272 326 1055 1161
13
122 376 492 1239
136 346 744 973 1240
24 32 624 689 829 921 1097
14 21 510 514 517 587 609 666 886 889 897 960 992 1058 1132 1171
20 348 430
866 945 982 1139 1222 1237
123 409 637 921 923 1125
19 30 99 153 157 224 320 350 356 397 405 407 428 469 516 579 587 624 650 668 685 733 736 739 760 815 821 933 944 1023 1069 1084 1085 1132 1165 1171 1209 1212 1227 1242 1252
492 508 521 522 641 689 726 889 986
6 35 76 84 367 549 759 823 859 907 973 1055 1098 1118 1220
35 52 69 144 191 241 380 494 541 549 798 823 973 1131
101 117 432 917 973 1091 1166
40 46 273 491 573 609 791 866 1005 1068 1149
2 24 88 103 115 121 123 127 137 138 156 262 275 301 302 343 358 376 386 412 430 448 456 461 473 492 514 522 523 527 538 543 545 553 554 573 575 587 590 608 633 638 666 677 683 695 703 705 712 744 780 793 810 814 818 841 847 857 865 882 910 921 922 928 947 948 974 1009 1012 1014 1064 1126 1139 1141 1166 1173 1182 1183 1189 1201 1203 1216 1239 1263
32
19 31 93 129 153 272 430 495 549 623 627 716 976 1021 1166 1192 1242
744
46 321
26 27 51 52 58 69 112 144 154 195 201 206 253 271 275 342 376 380 382 386 400 434 482 483 490 492 506 522 523 537 561 578 589 608 640 668 680 681 682 689 699 713 781 790 807 829 834 852 884 889 921 947 952 962 970 973 992 1011 1014 1020 1055 1058 1060 1068 1079 1094 1097 1110 1127 1138 1156 1157 1161 1162 1201 1203 1216 1235 1239 1240 1253 1263
69 622 670 671 761
150 326 373 643 823 917 934 973 1078 1100 1237
179
376 437 624 984 996 1058
29 46
357
89 223 271 426 553 587 641 810 944 948 961 980 1177 1264
52 343 538 975
2 12 52 128 154 167 177 201 208 227 275 311 334 343 360 384 386 434 437 492 502 522 540 608 630 640 695 720 785 802 834 921 922 951 952 967 984 1058 1183 1193 1203 1239
100 460 808
10 29 34 40 55 99 111 117 181 220 294 391 399 495 510 549 624 714 736 748 821 823 889 982 989 1071 1073 1080 1091 1095 1152 1160 1175 1217 1231 1237
393
343 923 1097
938 1240
52 191 373 788
35 456
6 27 35 43 44 50 58 68 69 75 84 131 144 150 161 191 195 206 239 241 255 267 286 298 304 316 332 333 346 367 369 445 446 482 571 585 622 649 698 700 749 759 780 798 801 803 804 806 823 842 846 859 917 950 961 970 992 1031 1051 1055 1060 1063 1141 1147 1163 1220 1235 1237 1252 1253 1257 1261
3 69 150 168 1060 1131 1202
258 599 1116 1157
46
83 87 138 475 537 554 619 634 775 807 897 941 1086 1204 1247
345 865
14 35 52 125 201 343 358 380 409 466 492 551 581 587 814 893 962 996 1014 1036 1050 1068 1094 1097 1203
607 640 1022
272 1055 1073
358 869 1070
91 321 470 578
823 828 1093
84 136 142 224 273 367 404 409 491 534 603 668 823 973 982 1163 1243
1252
350
304 472 763 823 973
52 230 376 1097 1253
27 35 36 52 53 125 343 376 402 514 618 781 814 852 884 921 951 996 1041 1097 1168 1249 1253
1097
382 823
358 916 969 984 1000 1193 1203 1235
1203
236 634 688 974
12 52
26 186 492 513 893 1019
78 115 169 437 454 489 771 1058 1122
77
790 809
946 972 1063
149 223 624 798 1147 1252
10 187 522
14 56 89 93 117 131 181 188 216 221 413 436 437 472 476 510 533 733 786 836 894 907 941 960 966 985 1032 1039 1040 1058 1060 1073 1084 1171 1221
26 52 64 136 153 167 187 201 217 253 275 432 475 522 547 577 578 601 666 689 703 780 786 899 967 973 996 1014 1063 1097 1249 1253 1263
3 273 342 394 408 498 516 529 620 624 877 886 907 920 946 1010 1034 1080 1105 1151 1167 1210 1240
87 88 480 699 825 886
56 86 88 89 99 100 103 171 217 236 253 268 273 289 297 304 319 326 358 380 446 470 480 587 611 615 665 688 749 774 790 907 924 973 982 984 1010 1051 1054 1073 1078 1121 1139 1148 1157 1163 1248
6 30 86 87 89 117 131 150 186 191 194 416 434 472 480 506 507 549 559 643 685 776 823 835 877 902 936 951 961 970 1016 1157 1163 1202 1208 1218 1220 1231 1240 1252
11 14 42 83 87 88 112 121 131 170 179 203 204 217 220 224 246 247 289 349 378 414 417 422 473 502 543 567 573 592 610 677 703 744 778 790 857 877 879 897 907 921 925 942 952 961 972 982 984 991 992 1019 1032 1050 1058 1073 1094 1110 1129 1151 1180 1202 1203 1231 1235 1236 1251 1260 1263
241 254 300 969 970 1098 1208 1227 1252
62 432
523 537 1019
32 83 124 135 137 152 204 214 216 222 286 362 412 437 473 492 504 530 554 610 638 666 941 985 1058 1138
367 668 780 936 1020 1240
7 549 569
437 1253
14 153
1094
11 24 46 87 121 135 206 220 361 389 397 418 428 476 522 523 527 537 567 570 620 624 641 650 651 857 865 907 921 948 978 980 1032 1094 1106 1138 1165 1170 1171 1212 1242 1259 1264
13 45 87 483 624 666 1053
28 115 216 275 384 406 437 485 573 587 608 666 749 834 941 973 1182
742 790
14 30 87 117 126 198 236 394 494 573 624 744 823 830 973 1073 1109 1208 1235 1237 1264
273 342 357 360 508 607 744 771 886 973 994 1212
522 695 946
334 1214
298 376 923
277 491 618 876 956 1240
744 761
689
46 127 131 140 221 290 370 840 1136
6 35 89 434 491 567 899 921 923 924 957 1150 1251
204 236 641 974
666 893 996
30 77 101 117 517 728 775 836 941 960 1032 1163
204 523 734 737
28 46 83 88 103 115 123 128 137 138 140 156 174 182 184 227 261 283 284 298 301 314 397 398 412 431 434 437 473 492 513 522 523 527 573 575 588 590 632 637 638 640 666 683 695 705 732 734 746 757 789 793 839 862 865 872 884 921 922 923 924 946 948 963 967 1019 1024 1028 1036 1065 1068 1078 1108 1126 1138 1156 1168 1189 1223 1236 1253 1263
244 417 445 547 921 935 948 952 1010 1043
1094
123 706 794 798 884 1004 1129 1252
30 89 99 446 1171 1205 1252
17 216 224 480 790 897 941
23 30 117 120 131 150 168 195 444 445 475 537 605 627 823 886 956 970 1035 1129 1143 1147 1163 1165 1193
93 131 149 150 185 204 210 342 405 469 491 510 581 619 684 714 733 736 748 865 889 907 934 935 960 989 1004 1006 1055 1076 1086 1123 1160 1171 1208 1212 1220 1266
3 13 58 69 136 161 191 206 367 423 424 670 760 779 806 823 850 889 907 917 936 980 1237 1252
103 181 365 585 742 743 973 1045
30 111 131 140 224 290 318 494 620 627 641 681 742 973 982 987 1032 1073 1080 1171 1252
44 117 134 204 486 520 625 889 941 1160
32 170 840 1200
522 579 889 1086
14 52 83 88 89 111 123 124 127 132 135 136 137 138 140 217 244 277 282 283 313 328 342 345 363 372 386 397 403 409 412 427 434 460 470 473 502 509 523 537 543 551 567 573 575 587 603 607 613 619 647 683 695 703 723 743 744 762 771 793 814 816 818 838 839 840 865 868 921 943 952 960 972 984 998 1013 1049 1094 1113 1129 1135 1137 1151 1182 1201 1202 1208 1211 1259 1263
13 131 151 495 547 592 624 684 731 973 1002 1165 1208 1212
151
128 571 695 733 973 1004 1016
93 99 131 220 273 317 394 537 620 624 625 641 1214
18 64 84 125 131 142 150 236 241 248 269 367 472 491 506 603 627 681 759 813 973 982 1004 1026 1031 1106 1128 1139 1144 1171
30 93 117 131 157 294 513 650 744 778 907 960 974 1069 1088 1093 1127 1135 1151 1172 1240 1251 1263
10 30 56 117 131 220 289 369 445 495 596 743 764 890 1027 1073 1160 1171
791
111 117 127 131 143 224 236 290 494 535 620 625 670 714 736 742 1032 1055 1091
967 996
64 136 150 152 204 283 289 348 428 500 537 603 790 862 897 1010 1032 1055 1060 1110 1128 1240 1243 1245
12 140 208 214 740 789
27 35 52 185 236 326 353 357 376 383 393 422 445 481 504 513 561 573 618 689 735 744 790 853 967 992 1009 1012 1020 1050 1097 1129 1133 1150 1173 1248 1264
179 181 216 234 489 668 726 728 890 924 925 988 991 1106
191 195 245 378 960 1032
151
515 1173
14 81 124 217 219 220 283 370 397 453 492 522 527 546 601 713 921 1069 1073 1094 1098 1106 1253
14 37 52 53 88 123 124 136 142 168 174 186 217 234 244 247 275 331 343 349 358 360 402 403 404 417 422 423 434 437 443 483 490 492 502 506 513 514 527 537 543 551 558 561 577 578 587 603 608 618 637 668 674 683 695 720 721 738 744 781 814 825 855 884 917 921 946 948 952 967 969 972 973 984 1014 1035 1050 1054 1097 1098 1103 1120 1126 1201 1203 1216 1220 1239 1240 1243 1252 1253 1263
132 133 147 592 1165
93 142 424 713 973
14 24 32 84 97 174 320 321 328 349 362 460 506 513 522 554 577 578 592 651 671 677 703 711 723 733 814 937 943 1024 1041 1116 1171 1183 1203 1240 1242 1249 1263
35 44 237 298 316 472 535 625 973 978 1114 1237
236 492 990 1020 1043 1103 1173
7 30 117 495 624 646 961
1 13 24 137 242 349 483 513 554 577 683 814 943 1094 1095 1098 1137
271
160 589
159
52 125 376 1014 1158
1148
504 537 607 1240
402 417 683 868
1128
334 622 1166
44 84 316 334 353 472 868 886 979 1151 1240
53 123 150 379 573 942 952 958 1097 1100 1103
3 77 224 241 273 318 323 835 885 1035
89 129
87 367 889
445
744 886
117 150 153 183 405 568 652 748 761 871 875 1084 1123 1143 1212 1240 1265
647
921
6 44 181 190 191 211 221 245 290 342 463 481 522 535 541 547 579 585 615 643 649 670 690 738 743 771 784 803 809 820 843 848 866 917 970 978 980 1093 1131 1143 1220 1252 1263
716
38 89 145 383 904 924 925
619 806 816 894 1078 1252
14 46 83 126 145 177 182 185 189 190 204 217 220 258 434 451 485 490 518 522 527 531 554 567 575 588 643 653 683 793 837 847 848 926 946 948 1036 1073 1077 1094 1137 1157 1206 1247
117 181 978 1047 1148 1208 1240
174 208 282 362 418 433 470 513 522 528 572 625 641 668 683 764 889 890 897 969 991 1039 1051 1084 1107 1127
117
124 144 181 187 244 280 282 397 427 522 622 683 750 884 921 948 973 1097 1137 1208 1263
76 88 150 305 342 343 379 474 492 578 584 640 771 901 923 973 980 982 984 1043 1181 1236
7 82 84 185 405 463 605 761 869 1098 1206
83 287 436 695 752 880 889 1086
181 397 546 653 1094 1240
177 181 204 349 407 469 492 683 810 814 889 1073 1168
27 50 52 88 125 146 177 277 282 300 358 376 382 451 483 506 561 852 865 924 1054 1173 1214
475
973
88 483 669 884 958 1054 1143 1253
35 52 123 146 338 378 445 538 553 554 565 853 865 1075 1081 1263
537
449
103 274 537 641 1058 1065 1264
406 739 966
502 984
35 44 58 84 442 445 549 780 781 823 1043 1054 1147 1252
924
89 241 342 408 646 688 969 1018 1049 1212
5 15 89 93 113 116 124 128 142 181 190 206 216 233 275 300 356 370 618 619 624 809 890 891 944 965 1086 1137 1155 1161
3 445 1051
35 52 99 125 204 358 790 948 972 980 986 992 1068 1211 1264
7 280 320 385 469 510 735 1085
44 143 183 453 625 747 789 960 1160
460 527 840 1114
124 921 1263
177 217 244 723 1041 1096 1138
891 1095
475 492 522 746
8 93 143 215 273 289 411 596 1173
214 220 620
3 83 93 101 122 145 204 362 436 473 504 520 522 523 537 727 775 838 897 941 946 1223
7 84 87 89 131 149 150 181 211 220 289 370 405 458 469 491 495 510 596 619 627 653 661 681 682 690 716 742 743 749 760 764 869 894 907 978 982 1055 1060 1106 1134 1160 1171 1194 1208 1218 1242
740
149 222 563 666 948
14 46 89 99 135 138 149 181 215 217 356 390 418 432 522 527 531 570 577 620 641 651 743 771 839 840 943 948 962 1055 1138
14 83 111 177 244 274 277 451 504 513 522 567 608 666 744 791 910 921 922 927 947 948 996 1005 1068 1094 1156 1173 1201 1203 1242 1263
93 219 681 988 1237
11 42 81 244 261 378 923 1051 1171 1240
1 12 14 24 64 89 122 127 140 169 354 417 422 437 508 518 521 554 587 599 659 683 705 789 818 865 889 893 946 952 962 992 996 1020 1050 1058 1065 1110 1127 1156 1163 1186 1203 1216
373
7 970
44 117 472 1191
366 996
369
68 894 949
283 522 523 527 807 1216
233 236 300 373 400 666 855 884 974 1068
204 232 636 974 1009
145 150 456 835 1064 1186 1240 1253
728
3 74 87 103 113 136 140 144 155 232 254 273 321 381 400 409 435 478 489 494 553 618 620 624 631 636 688 699 744 783 790 812 835 865 897 910 974 1001 1101 1133 1171 1186 1222 1240 1253
154 239 349
962
52 237 343
412 672 1098 1261
27 52 90 136 169 203 301 358 379 540 587 608 656 786 852 889 923 962 984 1196
7 157 342 494 956 991 1029 1147 1184
551
7 118 131 150 185 211 221 223 322 323 494 549 623 738 817 847 935 956 960 970 980 1093 1147 1178 1231 1252
146 177
89 736 783 786 917 976 1154
89 150 492 508 787 835 984 1240
136 259 642 683 807 847 869 882 1018 1201
251
1131
249 376 396 1242
272 494 637 1252 1257
35 84 87 342 367 757 833 834 917 1180
90 236 865 886
52 331 1151
369
1137
14 54 181 303 363 422 464 522 601 679 681 689 847 884 921 937 1073 1077 1116 1157 1253
248
303 356 946 1094
117 223
30 502 770 958 961 1147 1208 1242 1252
537 1103 1154
265 551
264
317 622 877 996
52 720 865
87 322 376 457 503 563 952 1165
136
271 946 1014
2 5 35 42 158 270 305 495 535
15 32 60 252 343 349 475 522 536 543 546 590 746 793 814 893 1041 1072 1135 1161 1173 1174 1203
13 29 64 85 87 104 135 169 214 236 369 400 419 422 437 480 532 543 571 573 620 774 776 789 886 946 972 986 1020 1058 1161
198 221 369 688 771 798 923 936 1031 1147
30 35 44 84 101 150 204 355 357 449 494 510 646 685 749 761 809 830 836 890 970 1006 1060 1062 1074 1147 1212 1237
323 385 414 424 441 733 798 816 936 1132 1252
108 131 191 221 280 288 289 342 356 366 383 387 462 467 481 510 544 622 625 627 668 686 727 731 817 840 970 993 1006 1031 1080 1085 1123 1160 1167 1208 1252
944
438 494
185 207 277 356 537 619 727 840 1073 1138
554 703 924
131 183 185 191 298 367 480 627 668 790 931 1160 1206 1237 1240
117 131 142 149 231 332 367 453 487 609 620 625 682 686 733 907 934 973 1160 1208 1231
117
1129
52 93 634 922
188 331 926 1041
277 320 386 577 884 937 952 967
14 87 89 138 142 214 217 277 491 624 641 668 750 835 865 889 928 959 1167
111 127 140 177 531 567 840 952
8 683
293 1021
292
46 137 349 409 437 492 538 624 681 793 895 942 984 1090 1138
354
840
87 522
52 107 117 154 282 301 376 434 437 542 587 735 952 984 1014 1020 1097 1193
1089
90 191 204 232 443 475 538 641 874 899 1094 1193
3 30 117 241 298 323 366 369 446 749 759 771 783 830 889 917 973 982 992 1021 1175 1264
30 593 596 707 1006 1242
258 260 342 549 1085 1237
52 67 87 343 372 475 492 502 889 893 973 976
186 271 917 982 987 1147
475 973 1160 1242
970
309
308 310
309 1239
44 445 694
420 943
131 342 435 549 761 969 973 1147
117 392 398 1101
376
52 154 167 372 377 868 952 972 1058 1125
135 266
127 169 349 886 1014 1097
14 87 397 460 465 475 492 546 592 1238
24 153 207 288 385 428 580 596 605 625 681 683 907 933 1082 1085 1165
3 34 62 153 236 510 544 609 624 670 686 960 986 1073 1185 1240
244 268 458 502 503 781 798 823 1216
169 244 276 301 502 640 884 996 1078 1201 1211
437 1141
478
15 37 87 144 384 513
522
131 153 505 605 671 920 1030 1252
394 836
386
6 150 255 287 367 605 759 798 970 973 1016 1080
52 283 384 835 972
52
44 106 166 167 995 1016 1165 1215
1227
1240
790
195 378 405
512 581 879
522 744
677 1160
11 13 35 85 104 124 131 177 186 203 242 253 277 303 313 376 421 483 506 539 597 624 699 785 786 921 959 973 975 1055 1058 1067 1081 1193 1208 1236 1248
30 43 44 48 58 69 150 186 239 272 304 423 446 535 538 722 970 973 984 1060 1131 1147 1252
1262
57 131 445 446 453 463 644 742 749 973 995 1171
18 52 522 889 890 899 963 1097 1235
896
21 142
89 150 153 157 190 237 272 294 318 410 412 494 511 574 596 627 684 756 761 798 820 859 889 936 948 966 973 987 991 1018 1034 1073 1084 1208 1219 1242
24 66 373 400 636 688 695 753 780 788 974 1009
376
1138
144 167 372 781 865 886 1133 1248
224 295 472 622 883 961 973 982 1091
275 522 770 952
24 204 220 260 277 280 357 437 577 608 615 866 888 917 978 988 1018 1217 1242
41 104 144 275 356 483 551 582 622 821
30 58 61 72 87 150 191 206 241 367 369 444 494 559 608 884 885 936 961 973 1016 1129 1187 1235 1252
513
44 104 150 416 649 670 893 973 996
99 784 785 816 920
93 153 183 216 406 520 522 537 609 739 775 897 909 941 1010 1204
131 258 428 438 605 1073 1157
889
126
228 277 301 376 492 635 689 744 973 996 1173
26 52 64 94 125 136 171 253 282 283 331 358 382 436 483 521 587 618 640 666 777 781 814 884 889 952 1046 1068 1095 1097 1156 1183 1193 1203 1251
370 397 625 880 907
14 52 138 229 256 273 274 301 358 422 456 624 712 781 814 825 884 890 980 986 1036 1214
111 149 204 217 368 510 515 537 625 666 748 1094 1114 1173
625 889 973
131 304 316 353 405 422 435 446 559 584 605 620 627 853 1093 1098 1124 1240 1252
37 50 225 232 350 374 415 475 538 634 781 788 852 973 974 975 1009 1011 1060 1163 1239 1240 1262
373 475 889
10
17 30 35 39 68 69 107 144 161 191 251 268 298 315 342 351 366 378 428 445 472 475 580 603 627 670 703 718 823 866 973 982 989 1021 1041 1055 1082 1083 1090 1155 1163 1165 1212 1237 1240 1252 1264
316 387 686 749 982 1032 1080
89 146 195 223 338 376 459 554 619 666 743 823 836 871 992 1050 1058 1075 1081 1240 1263
168 186 241 445 449 482 584 749 964 982 1055 1147 1252
27 35 58 87 449 1097 1112
236 397 1160
35 71 191 367 445 970 973
144 179 277 384 483 972 1248 1261
44 101 326 332 383 510 823
207 276 320 417 470 522 527 531 578 647 703 751 1137
30 35 44 131 288 330 449 494 495 585 768 874 973 1026 1073 1123 1208 1242
277 377 527 602 631 683 840 1249
761
99
220
46 577 1094 1137
314
47 144
85 103 135 329 397 732 1122
465
251 618 1036 1098 1263
13 24 99 117 131 149 185 189 319 368 381 394 453 458 511 544 605 619 622 627 668 681 683 688 690 719 762 889 890 907 960 1023 1073 1088 1157 1206 1208 1212 1242 1266
117 314 494 569 961 1016 1019 1060 1101 1208 1218
46 522
35 232 236 273 350 435 646 855 968 970 1009 1078 1240
1011
69 150 164 951
131 150 453 507 582 619 670 816 836 924 961 981
11 64 150 423 483 549 973 999 1110
7 14 24 124 174 187 217 338 372 434 451 492 522 546 594 761 835 1094
101 199 362 437 546 576 733
24 190 418 608 624 683 689 948 953 1049 1232 1240
6 85 203 476 504 521 527 734 1151
23 58 64 131 236 294 426 553 581 631 665 869 889 973 988 1010 1110 1148
349
8 214 1125
30 93 117 131 240 349 672 893 936 973 1016 1080 1095 1240 1252 1261
83 890
89 276 422 456 468 470 624 857 924
373 492 567 881 1163 1262
88 360 420 437 835 886 951 952 1183
6 13 89 118 150 164 224 385 872 1016 1049
99 183 220 407 431 510 668 812 897 1032 1069
273 605 890 966
312 416 446 535 627 976 1060 1252
342 494 1157
89 144 150 224 258 273 369 372 414 480 649 690 775 917 1032 1127 1147 1237 1242
2 11 125 150 343 404 502 972 982 1041 1125
125 152 276 689 1138
428
42 409 553 794 948 1068 1094
131 185 619 816 973 1240
24 99 142 320 363 376 425 470 489 511 523 527 531 537 624 633 651 889 893 946 1083 1094 1138
624
21 30 32 649
117 418 498 620 907 920 931 1015 1032 1160
13 28 84 91 220 456 586 683 751 893 988 996 1020 1027 1047 1168
183
35 44 88 112 117 131 150 181 298 405 456 469 472 624 835 905 917 942 1098 1237 1260
236 313 372 400 587 689 810 818 825 899 1058 1097 1161 1216 1249 1259
83 188 216 367 537 738 836 1212
7 39 44 77 83 93 96 101 117 150 224 273 294 298 324 356 406 416 472 474 517 520 544 573 627 634 640 681 743 761 836 889 890 897 941 971 973 982 985 992 1032 1035 1123 1128 1154 1208 1240
279 363 767 1003 1073
943 996
829 921 1094
276 897
201 894 982 1043
150 300 1240
123 358
52 118 123 138 144 172 195 201 205 311 345 376 379 382 666 689 720 749 780 781 823 884 947 956 968 973 1045 1081 1094 1097 1170 1180
52 87 121 301 343 345 372 420 523 594 640 780 942 948 963 984 996 1050 1081 1186 1189 1216
790 1240
30 744 1070 1173
197 275 379 380 386
624 725 1263
3 181 191 221 405 458 510 537 619 668 681 714 733 761 764 920 987 1016 1055 1208 1220
624
12 149 208 283 345 397 403 622 624 884 921 944 948 973 1036 1083 1149
77 485 1228
1121 1254
6 30 51 234 369 414 432 434 464 627 641 681 686 689 736 742 764 835 853 907 917 1010 1235
268 475 973
217 322 397 451 937 948
378 783 1125
13 45 131 153 209 319 494 544 624 625 643 716 731 807 808 920 953 956 968 991 1023 1060 1087 1106 1124 1165 1178 1220 1240 1242
30
277 727
177 187 345 1223
258 456 469 495 835
319 395
58 743 844 973 1007 1073 1086
277
414
14 24 124 190 207 217 434 464 522 546 587 840 847 909 948 1076 1095 1120 1132 1173
6 62 87 131 183 385 414 428 681 683 756 759 821 960 1060 1073 1080 1176 1184 1185 1210
596 624
14 67 83 88 136 154 167 227 354 376 434 437 567 573 608 725 744 787 793 922 927 948 984 996 1014 1068 1253
13 30 89 93 117 131 216 686 823 824 889 894 929 941 960 1160 1172 1186 1208 1220
186 437 517 620 638 917
56 84 123 192 213 272 300 304 306 319 373 374 376 457 480 495 506 604 605 614 615 619 660 681 683 713 744 776 788 973 975 1009 1021 1145 1239 1242 1249 1252
83 99 408 477 483 527
476
236 325 885 961 1222
1242
13 86 87 88 122 273 282 422 475 507 571 659 749 771 776 779 886 921 951 980 1127 1163 1223 1240
144 177 277 618 946 1020 1223
35 52 379 926 1096 1214
35 100 150 157 191 194 342 357 367 383 404 476 541 646 657 778 860 894 970 1093 1240 1252
814 847
101 181 454 494 823 1228 1264
128
283 950
490
77 145 236 428 491 492 587 624 774 889 986 1020 1211
35 150 181 488 495 1006 1073
8 29 64 108 112 124 136 217 289 489 513 536 587 620 946 948 1001 1094 1133 1138 1263
13 14 17 25 30 35 44 58 76 93 117 149 150 155 186 190 213 247 294 304 319 366 405 415 489 494 547 549 604 622 627 682 688 717 722 736 742 743 747 783 787 813 892 968 973 988 992 995 1001 1018 1082 1084 1093 1202 1242 1252
1166
27 103 127 140 236 242 244 252 275 279 349 358 386 398 421 460 485 492 496 508 536 537 588 632 713 749 780 786 823 852 873 884 921 924 948 951 958 962 973 1031 1050 1052 1054 1057 1068 1095 1097 1163 1166 1193 1249 1253
32 46 132 138 156 217 271 386 464 475 490 522 527 602 683 814 826 889 947 948 952 1068 1263
494
979
85 431 921
522 1208
142 506 603 622 970 1240
14
44 89 131 150 200 262 304 322 323 423 503 823 853 973 998 1062
268 322 502
93 144 163 216 221 408 509 625 685 733 907 1055 1171
328
35 88 136 150 153 191 342 475 500 748 771 798 836 869 934 1132 1157 1243 1252 1265
88 403 480 944
7 25 104 224 247 494 744 749 777 1009 1010 1078 1195
131 504
20 46 83 124 207 217 275 277 321 370 384 418 451 527 573 577 624 695 703 791 826 869 884 893 897 937 943 992 1036 1173
349 397 428 527 554 651 948 1209
339 581 776 780
7 76 117 137 144 150 153 157 183 221 326 359 491 568 627 708 756 771 890 948 976 1048 1094 1132 1206 1208 1240 1242
20 30 69 150 742 777 897 1094 1131 1152 1171 1178 1242 1252
148 370 625 681 835 1055
24 85 527 668 683
20 115 437 474 973 1058 1068 1073
181 224 948
742 917 964 1045 1220
128 216 362 437 641 973
25 224 367 408 532 627 894 921 966 1242 1252
6 7 25 30 35 44 82 84 99 105 117 130 149 153 177 181 183 185 213 216 220 221 231 258 272 297 327 340 346 355 362 385 399 405 469 495 499 546 567 573 596 620 676 681 709 728 738 739 742 749 754 756 776 807 820 830 839 859 877 889 917 941 973 978 979 1006 1027 1061 1068 1082 1083 1107 1139 1147 1160 1175 1177 1187 1190 1202 1206 1208 1209 1217 1220 1242 1264
30 35 92 99 116 117 131 216 231 428 446 537 650 681 816 920 941 1027 1032 1045 1048 1080 1085 1157 1184
728
815 869 1018
788 982
30 99 117 149 150 181 209 220 231 385 387 408 428 476 495 510 511 516 551 576 596 605 620 714 735 821 889 897 961 971 978 1032 1049 1069 1073 1088 1209 1227
183 578 1173
85 554 622 813 949 1170 1263
93
181 220 290 385 428 890 966 978 1208
273 521 567 986
83 624 921 943
64
140 154 177 271 343 420 835 893 921 922 1036 1060 1078 1097 1263
272 491 494
35 56 92 99 123 131 135 142 150 163 196 198 216 263 280 362 370 428 436 451 494 523 538 570 621 622 641 643 650 651 743 807 830 837 840 858 890 894 896 897 922 941 980 988 1016 1021 1069 1110 1160 1171 1235 1237 1264
30 43 195 294 300 343 373 537 624 942 945 958 975 1094 1104 1161 1173 1239
342 973 1077 1216
44 241 649
27 177 483 802 1054 1239
298
30 89 131 150 272 273 776 818 820 894 921 968 982 986 995 1016 1078 1123 1142 1240 1242
277 321 397 437 460 553 632 948 1020 1058
30
149 189 272 319 405 406 469 522 549 617 624 625 731 890 907 917 988 1001 1006 1139 1242
84 118 132 177 492 826 921 935 968
606 1119 1231
26 27 32 46 88 95 201 244 303 313 404 492 546 551 624 669 799 814 852 884 1043 1156 1203
1009 1039
7 58 131 150 243 264 357 527 549 627 733 821 897 920 936 956 976 1148 1165 1167 1240
921
30 42 195 236 409 426 544 555 1016 1159 1263
3 30 56 93 153 157 181 195 224 281 378 511 529 596 605 622 668 733 742 748 764 790 792 815 890 894 907 918 920 933 941 960 991 992 995 1018 1020 1032 1076 1106 1152 1169 1171 1176 1208 1209 1212 1219 1220 1231 1237 1240
553 890
1158
865 920
150 622 1252
88 358 372 972
823 973 1240
35 144 150 191 700 749 1031 1225 1252
1252
219 268
3 1041
195 884 950 1146 1199
786
89 99 112 131 181 221 290 415 472 522 532 573 641 677 681 742 743 755 776 830 917 922 941 980 982 987 1010 1045 1060 1068 1157 1187 1206 1237 1264
174 513 873 944 1005 1186 1240
95 398
99 220 537
8 52 134 273 480 624
183 631 1036 1069 1242
11 29 30 89 101 103 117 131 144 168 273 437 472 510 522 567 579 643 742 755 776 830 836 922 966 979 980 1069 1228 1237 1264
349
30 117 131 181 735 956 961 992 1010 1032 1143 1151 1160 1226 1231
406 527
84 150 153 157 220 288 356 391 510 596 615 668 716 754 759 907 1143 1252 1256
35 62 84 150 153 186 385 528 609 625 816 830 973 987 1020 1062 1067 1117 1185
24 130 177 573 587 607 952 1126 1137
320 376
58 124 339 409 512 879 917 921 968 973 1068 1263
357 403 670 739 877 937 1032 1076 1225 1227 1242 1252
1173
186 372 379 789 922 943 967 1143
52 126 177 386 608 638 780 923 973 1020 1208 1230
432
20 24 30 42 58 87 101 131 150 224 241 298 367 435 469 489 491 579 658 728 736 743 790 936 946 956 961 973 992 1016 1019 1126 1139 1154 1211 1252
117 181 494 596 742 1073 1228
35 159 1094 1145 1201 1261
30 117 272 636 801 1143
1160 1240
89 132 151 153 319 641 948 1263
14 302 1206
405 446 709
859
14 138 214 217 302 320 349 471 522 527 554 577 588 651 703 707 807 840 857 1023 1076 1138 1213
342
807
54 224 821 973 1073 1157 1234
1182 1193
84 149 258 619 771 973 1054 1067 1208 1220 1259
387 495 605
64 131 136 142 150 376 500 790
475 492 1043 1064 1163
123 187 320 328 331 363 372 397 419 475 527 554 602 683 746 770 814 884 924 937 1011 1041 1084 1094 1098 1110 1151 1213 1243
548
59 104 131 163 579 634 668 794 897 928 1251 1252
30 35 44 101 150 221 241 356 358 407 472 585 646 649 736 823 850 889 894 936 970 978 1004 1202 1252
20 29 283 321 362 578 1114
89 93 1212
87 637 923 1011 1063 1114 1214
1157 1214 1240
131
475 948 1089 1240
87 177 356 475 577 948 1064
1114
14 546 736 1018
69 108 144 150 204 236 367 396 481 627 718 780 835 970 1073 1208 1231 1240
14 56 124 131 180 204 217 280 378 397 403 427 451 475 601 624 632 816 838 839 847 937 948 1073 1098 1138 1151 1208
85 99 127 135 140 215 220 236 273 283 372 431 474 491 522 527 641 689 703 835 952 980 982 1032 1086 1103 1264
537
13 36 52 166 185 266 277 354 357 397 453 492 500 529 537 554 558 639 647 703 707 711 744 797 865 869 884 921 928 943 1001 1060 1063 1173 1201 1212
32 244 677 876 1098
1 7 13 19 24 39 46 81 85 99 100 103 132 135 156 204 236 289 294 321 342 369 407 414 428 429 434 450 452 453 460 471 489 510 533 538 546 549 571 619 659 661 681 714 731 736 744 788 823 857 894 941 948 956 960 991 1001 1010 1018 1023 1032 1055 1060 1073 1083 1090 1133 1138 1149 1151 1165 1184 1202 1206 1212 1240
4 128 135 140 154 183 208 277 283 320 368 370 371 460 504 515 546 578 683 756 818 840 857 928 943 1090 1115 1128
1060
32 123 127 136 217 277 282 349 372 376 397 420 437 456 492 513 521 551 618 810 893 943 946 958 972 1014 1043 1064 1098 1099 1149 1166 1192 1249 1261
1042
1032 1173
44 987
236 387 409 572 1180 1250
117 494 544 619 731 1016 1242
30 428 995 1013 1152 1202 1256
56 74 286 373 437 607
366 744
233 236 350 590 637 788
23 117 150 252 611 636 809 964 970 1016 1215 1240
30 93 117 474 585 728 1165
622 1020
35 44 59 117 186 323 367 437 446 718 951 1073 1123 1220
8 12 25 42 99 113 127 135 183 198 220 289 300 456 520 537 567 592 620 743 922 980 990 1073 1091 1105 1215 1237 1264
248 668 882 921 1018
37 88 177 181 460 537 573 683 884 1068 1242 1253
345
838
156 203 275 400 483 608 790 893 921 1094 1098 1253
131 175 385 622 681 683 1240
1020
52 177 360 422 430 540 608 744 834 899 921 962 1000 1103 1193 1211
24 99 137 523 537
99 153 220 428 511 537 596 749 889 1157 1209
2 174
181 189 217 921 1073
671
794 884 1129
241 1054 1240
483 973
587 1097
224 480 624 982
475
217 624 1058
1094
924 1242
744
87 409 897 1130 1140
20 30 84 93 100 101 114 117 219 221 232 367 370 378 445 708 736 742 743 790 798 809 823 893 936 970 978 982 1016 1068 1091 1126 1132 1139 1154 1191 1228 1252
797
14 24 35 64 94 145 150 183 277 282 289 397 418 451 516 554 577 607 642 749 840 847 882 889 921 935 1060 1075 1118 1201 1216 1253
194 549 961 1009
36 125 140 177 321 360 376 403 582 689 834 944 1001 1095 1211 1249
36 153 328 654 948
240 412
1064
150 835 1097
1123
522
30 89 153 341 567 623 690 778 858 866 989 1016
948
258 836 1077
35 738 823 1240 1252 1257
14 35 127 136 217 222 258 294 320 397 437 451 456 470 475 515 522 523 567 624 647 683 719 723 728 818 847 927 952 959 985 1058 1188
35 217 283 492 800 1041 1098 1170
7 30 117 131 150 157 164 181 183 185 190 224 248 291 320 387 397 407 432 470 475 495 516 605 625 643 647 681 714 731 748 756 798 830 907 920 933 956 1032 1034 1045 1049 1055 1090 1093 1171 1194 1202 1212 1240 1242 1252
124 132 349 791 1039 1064 1263
24 88 275 504 893
277 283 321 377 456 473 922 924 1014 1097 1216 1249
988 1094
74 87 203 236 274 350 397 492 866 1139 1157
7 19 25 35 84 110 144 258 366 407 424 435 445 456 620 670 694 759 798 810 823 842 908 948 1001 1026 1035 1055 1060 1078 1079 1082 1118 1233 1240 1252 1264
177 217 397 422 677 847 963 972 986 1201
958
968 970
707
311 689 720
30 44 105 117 131 134 150 188 350 510 742 821 897 970 976 1154
806
970
52
12 13 35 86 236 342 952 1028 1068 1216
52 561 803 973 1261
843
3
7 13 30 84 89 131 153 281 376 385 510 596 620 622 941 970 1208 1242 1252
707 711 739
30 117 224 960 1147
120 973
7 302 596 622 693 704 960 1016
11 513 666 884 924 1094 1095 1100 1146
522 594 847
711
153 622 704 710 1016 1032 1242
30 369 853 911 982 1160 1242
35 149 152 475 494 714
46 124 140 451 527 624 683 713 791 814 839 840 1068 1149 1173
717
32 178 217 460 577 973 1106
492 715 973
376 618 640 898 922 975 976 1014 1239 1248
397 681
44 150 267 445 694 804 842 903
150 744
343 492 952 1014
131 153 211 681 1085
1223
450 472
25 145 744 912 1070
216 277 280 462 840 944
115 145 235 522 524 587 638 681 831 1087
835 970
1110
14 132 277 460 546 624 632 683 857 921 1064
117 394 980
14 24 83 124 134 153 276 283 406 451 504 551 554 791 792 897 898 992 1199 1223
116 117 408 1016
144 207 298 527 575 814 956 992 996 1182 1259
24 46 124 140 246 456 492 587 608 617 624 666 835 947 975 1014 1189 1239 1263
116
150 177 244 436 522 680 921 1038 1068 1094 1216
14 24 199 362 522 582 704 792 897 1094
143 218
750 787 1089 1263
102 126 127 140 217 345 456 492 514 519 522 554 567 573 588 666 695 743 791 818 893 1014 1138 1203 1239
8 126 131 138 177 217 220 378 437 466 492 537 567 587 641 666 742 946 1060 1064 1083 1099 1138
18 30 33 89 103 104 109 131 137 144 150 173 221 236 340 366 448 472 475 508 622 624 635 649 664 721 726 745 754 776 777 786 809 810 835 858 863 886 894 899 927 946 974 982 990 992 1004 1016 1020 1036 1060 1073 1091 1165 1171 1240 1252
744
117 213 272 605 860 1002 1252
208 492 1173
46 124 174 370 506 554 683 1242
52 87 101 217 275 301 345 377 379 445 480 494 508 522 561 651 668 786 852 884 889 899 921 922 962 973 976 992 1050 1103 1243
185 289 741 964 1023 1242
385 432 754 1242
188
350
522 577 744 751 1058 1177
567 573 952 1068
349 470 513 522 625 683 1073 1240
117 253 1242
882
26 52 136 301 331 470 577 689 834 924 1097 1156 1193
24 125 217 1098 1208
36 109 174 187 275 313 349 388 405 437 451 952 975
7 131 397 877
67
138 183 217 451 456 554 952 1044 1064
873 948
1068 1094
438
386 823
943 1065
262 355 605 961
77 104 131 177 186 220 274 301 480 506 513 601 921 923 952 1097 1129 1161 1240 1242 1264
823 890
886
87 273 489 889 973 1252
56 115 216 362 422 862 897 1039
88 273 475 480 512 522 543 567 573 744 825 873 1060
367 508 514 744 970 1031 1032
89 137 483 677
125 480
30 52 84 94 201 350 445 446 494 512 585 618 781 798 823 842 951 956 1043 1055 1123 1201 1252
35 69 150 201 322 353 367 369 373 445 780 798 820 889 936 970 973 1030 1043 1054 1093 1163 1212
921
236 246 301 459 492 899 984 1203 1253
177 361 952
7 10 44 342 361 790 846 989 994 1073
83 84 241 246 342 494 566 744 749 809 970 976 1009 1073 1079 1091 1187
247 472 492 741 971 976 1093
50 350 373 475 526 624 636 982 1009
117 143 208 224 273 584 790 889 1069 1154 1206 1237
8 35 79 87 89 102 122 142 144 206 236 282 337 447 554 587 603 646 666 785 789 889 898 923 973 994 1020 1086 1127 1163 1171 1211 1216 1235 1262 1264
29 139 221 510 684 714 733 742 889 894 920 1071 1073 1149 1163 1171 1217
554 733 739 1080 1085 1171
30 117 131 181 272 294 472 809 982 994 1010 1122 1163 1212 1237 1264
120 426 607 655 884 951 1129
884 927 1240
1220
13 622 667 1165
11 27 52 81 120 274 276 322 331 349 506 666 683 689 780 781 807 884 984 1041 1042 1249
549 1062
682 1085
52 590 805
44 541 860
52 177 700
52 720 967 1097 1239
801
52 125 180 696 917 923 962
35 56 231 248 460 522 537 596 598 798 941 1123 1240
45 460
79 177 204 275 637 666 744 786 793 986 992 1068
30 42 190 435 627 689 744 889
1240
236 418
136 492 529 984 1058 1103
7 30 58 69 131 150 153 157 190 272 367 369 484 495 549 605 714 735 872 934 936 953 970 1001 1084 1127 1208 1252
24 525 554 921
131 180 276 361 403 427 523 578 619 847 884 921 926 937 948 962 1094 1097 1098 1197 1208
244 277
30 131 224 435 543 625 681 742 970 1073
1073
177 349 522 543 781 948 1263
14 24 46 357 470 527 551 599 695 840 897 928 1004 1138
8
26 27 37 46 52 63 64 67 71 88 103 123 125 201 322 376 378 384 445 473 485 494 502 560 608 624 666 680 689 768 772 780 829 884 921 923 930 962 973 996 1097 1098 1101 1103 1166 1173 1197 1201 1216
473
13 86 150 369 435 776 982 989 1208
495 510 547 907 941 1080 1085 1123
964 1016
63 1178
19 35 440 823 982 1208 1212
103 275 301 522 537 567 573 578 683 1068 1253
728
1072 1075
253
35 44 101 253 649 670 759 973 975 1055
88 169 234 236 247 289 332 405 416 434 456 464 515 535 618 620 674 729 736 744 886 942 976 986 1016 1032 1046 1078 1157 1208
83 115 275 329 378 403 436 437 506 573 679 921 1171 1204 1237
181 537 1073
131 216 619 645 976 1060
117 131 220 522 619 714 980 1069 1165 1242
111 129 131 209 220 277 280 290 296 387 469 537 596 625 668 714 727 821 880 890 944 1027 1061 1069 1157 1200
30 842
52 689 720 780 841 860 1000 1054 1097 1166 1183
177 701
466
1252
52 785 1014 1095 1170
6 30 181 244 248 258 469 484 619 668 681 690 709 816 933 976 1073 1157 1180 1202 1208 1252
177 181 948
948
125 608 923
1043 1201 1249
35 69 191 241 373 494 549 749 970 973 1031 1035
144 195 372 456 502 712 1000
934
150 232 400 1227
1083
30 89 99 414 596 624 625 731 966 1032 1055 1093 1167 1208
14 537 677 744 1068 1263
6 26 52 349 522 595 907 948 973 1020
483 746 802 842 886 893 927
1139
117 142 775
744
973
30 57 99 117 124 131 191 195 224 236 254 267 289 353 557 622 886 951 973 980 992 1021 1160 1220
22 29 177 356 376 677 688 1050 1068 1073 1151
1148
131 164 167 316
61 187 217 248 409 506 510 525 622 1049 1081 1162
1240
174 378 1094 1118 1240
117 417 814
494 568 765 776
300 386
174
108 623
85 88 89 266 522 582 762 879 909 921 1028 1151
923
89 339 581 877 1183 1240
188 368 840 909 1114 1167
415 1097 1240 1262
30 248 642 668 758 1018
354
6 35 69 117 120 150 185 194 232 258 288 323 358 367 369 445 453 494 510 549 565 605 622 643 655 708 749 794 795 798 816 823 920 951 961 967 970 973 1016 1029 1051 1091 1129 1139 1148 1167 1184 1187 1208 1240 1242 1243
169 358 478 1249
20 85 86 104 123 167 173 254 273 318 353 416 480 744 773 835 860 865 950 978 982 1032 1147 1224 1235
921
356
20 25 35 46 124 125 128 130 171 183 188 190 224 241 289 301 304 346 349 364 367 371 374 397 409 428 437 473 489 495 522 527 608 651 668 749 774 781 789 790 791 810 897 927 943 973 993 994 995 1020 1032 1036 1100 1127 1143 1163 1171 1203 1217
138 145 183 204 275 346 369 397 413 419 437 513 531 537 546 554 555 772 840 897 898 922 1023 1062 1152 1209 1213
204 212 1031 1069 1132
492
13 58 76 114 224 272 304 360 412 428 432 510 535 627 646 666 685 742 860 959 970 1016 1055 1058 1060 1094 1163 1191 1210 1212 1240
83 180 217 230 442 473 483 521 537 543 554 608 624 744 791 948
294
347 537 897
20 56 89 122 142 183 216 236 362 418 437 441 510 514 527 537 551 607 665 695 733 739 775 821 889 890 896 909 1108 1240
6 718 733 790 890 1214
6 84 112 300 346 435 649 744 749 783 1235 1253
923
186 1157
88
720
179 905
434 904 1016 1124
1253
6 14 26 83 85 87 89 99 124 125 137 217 283 320 368 397 431 456 504 546 554 577 683 826 859 921 937 952 1068 1151 1173 1240
689 910 1028 1039
362 469 877 880 897 1032 1220 1240
30 221 236 908 1060
712
726 991
921
921 1040
1220
72 996
28 37 52 125 150 177 246 253 301 305 356 422 434 456 474 519 522 546 567 581 806 922 982 984 1014 1050 1103 1156 1220
554 921 1240
1094
14 85 328 361 431 451 460 523 551 554 557 683 791 884 921 954 972 1066 1098 1137 1208
19 23 30 35 44 69 89 99 112 117 118 131 149 150 176 185 210 221 258 342 440 453 480 494 498 521 533 535 543 547 552 581 622 642 646 649 653 668 731 738 749 771 782 815 816 823 836 877 887 907 913 914 918 920 939 988 1006 1018 1026 1049 1069 1073 1080 1087 1088 1091 1123 1128 1139 1154 1169 1206 1208 1209 1212 1218 1220 1229 1231 1237 1242 1264
30 44 117 221 286 472 535 537 567 573 584 641 686 718 749 890 917 960 978 982 1016 1017 1073 1091
6 23 48 107 112 117 186 223 241 274 585 611 771 790 806 823 850 878 900 940 961 973 980 982 988 1091 1148 1211 1264
87 112 117 145 179 191 202 281 403 414 494 605 663 686 708 759 1143 1178 1218 1252
89 145 179
181 287 482 816 987 1073
7 221 472 681 744 795 860 889 973 1001 1208
30 289 607 622 625 821 941 1206 1210
473
823 1051 1147 1151 1162 1240
282 431 1032
967
24 320 554 683 847 1263
37 124 283 506 814 854 972 1043 1063 1098 1116 1203 1239
118 124 244 547 668
88 94 125 274 276 349 358 412 551 587 608 666 781 814 967 1126 1216
153 258 288 458 510 582 605 619 816 907 1106 1208 1242
49
921
923 1263
3 56 83 93 101 115 122 128 216 362 437 473 522 523 537 554 567 624 703 807 826 928 943 946 966 977 985 1036 1157
89 168 294 434 446 538 835
131 153 157 220 312 439 510 533 584 622 625 627 769 889 941 989 1065 1069 1206 1208 1242
24 42 204 278 453 507 568 670 727 840 1132 1263
22 538
80 85 105 117 150 181 216 224 260 270 273 428 481 491 587 627 743 744 941 982 1016 1058 1080 1123 1160 1191 1219
30 35 221 445 495 736 1049 1088 1160 1242
3 7 11 30 42 99 117 118 150 181 185 206 219 220 221 349 407 426 446 453 458 469 472 491 494 495 511 513 518 544 592 614 615 619 624 671 678 689 765 816 820 848 849 859 894 951 973 982 992 1016 1027 1035 1060 1073 1091 1094 1106 1131 1147 1151 1153 1157 1160 1178 1184 1202 1206 1208 1263
230 529 963 1094
52 487 565 886
44 69 88 402 416 480 494 640 780 794 865 884 948 1016 1147
35 44 89 118 131 150 168 224 268 288 290 298 316 355 367 416 495 579 620 681 699 722 755 761 764 771 784 907 961 978 980 982 987 988 1032 1047 1067 1073 1080 1085 1091 1147 1158 1202 1208 1212 1240
407 460 814 1063
920 984 1016
1208
108 123 242 244 445 460 551 575 587 624 683 735 780 1095 1101 1173 1212 1224 1239 1261
112
168 194 262 494 538 627 691 961 973 1264
289 342 681 893 968 1009 1055 1091 1160 1171 1175
14 20 83 115 124 131 137 146 208 244 321 397 470 473 554 624 705 707 922 1201 1203
13 14 42 52 88 89 156 262 354 358 398 403 478 527 575 587 669 770 884 923 952 958 1054 1068 1110 1253
6 35 58 220 224 238 241 494 649 749 806 816 823 980 1165 1208 1264
117 346 446 690 949 970 973
379 519 637 750 827 1211
204
83 199 349 419 521 531 573 857 941 972 1039
44 84 117 141 144 150 288 584 804 884 932 936 1016 1091 1123
400 445 460 492 543 547 581 692 959 972 1146
72 90 150 183 203 313 984 1036 1055 1239
35 52 88 90 123 177 226 244 275 277 307 331 343 382 400 483 500 608 618 637 666 692 695 697 703 729 777 781 786 814 818 852 884 893 963 972 1166 1203 1249 1263
437 527 787 1203
80 89 131 150 206 273 316 332 383 423 559 627 690 920 934 966 968 970 1080 1170 1224 1231 1235 1237 1252 1264
10 18 26 27 28 35 37 64 67 84 87 101 103 104 126 127 132 134 136 150 152 154 185 186 193 283 301 304 306 313 331 342 343 345 349 354 358 360 366 371 373 376 382 386 404 409 412 427 437 445 453 457 466 475 492 494 502 517 520 522 539 560 578 581 585 587 599 601 657 700 706 716 717 749 774 781 790 823 834 852 859 864 865 884 889 923 927 948 958 963 978 996 1006 1014 1016 1021 1050 1058 1083 1094 1098 1101 1139 1156 1163 1165 1171 1192 1214 1231 1240 1253
30 74 113 137 232 233 236 350 373 744 982 1009
43 342 373 475 538 718 736 761 834 980 1006 1239 1252
12 32 246 304 420 513 551 695 718 749 786 787 835 838 847 990 1036 1072 1161 1166
941
14 99 154 177 182 217 356 522 527 531 608 666 886 922 952 973 980 1020 1068 1110 1240 1253 1263
167 497 522 573 1068
42 99 125 177 186 206 244 369 480 537 567 573 620 641 732 839 865 923 952 962 975 978 1047 1060 1068 1073 1171 1223 1253 1263 1264
403
22 46 64 87 89 127 136 186 217 301 305 354 376 377 379 423 437 442 526 543 567 620 659 666 712 744 788 793 825 829 886 917 922 923 946 948 952 974 996 1005 1058 1065 1073 1079 1096 1103 1211 1243 1251
1171
39 44 72 87 89 131 150 186 200 241 247 294 298 343 446 472 783 798 813 917 954 969 1055 1252
83 93 437 681 941 992 1160 1221
3 25 206 273 321 369 489 532 543 690 809 835 1010 1016 1058 1073 1237
127 305 349 451 567 578 630 926 952 1098 1102
145 222 356 409 432 492 537 546 687 921 923 952 1068 1120 1138 1139 1168
8 9 46 124 376 677 785 825 943 1173
155 641 744 976 1148
14 89 145 183 242 349 460 554 624 912
14 20 35 52 89 144 206 224 301 378 437 492 510 554 575 587 733 735 744 749 809 865 948 985 1019 1036 1078 1103 1163 1171 1235 1253
277 889
104 785 790 793 889 1075 1240
334 345 492 543 554 633 889 1152 1163 1171
3 10 39 58 69 84 114 141 221 224 228 266 323 360 366 432 439 446 472 735 823 916 973 982 1027 1208
3 11
131 502
404
72 649 842 853 1101
236 491 492 546 622 624 670 689 814 927 1014 1097 1103 1173
132 746 1141
438
120 124 134 136 608 744 821 1117 1240
29 221 568 982 1016 1242
124 275 277 302 490 522 546 921 973 975 1014
466
1011
30 144 233 350 373 400 475 508 550 669 786 788 959 974 1040 1171 1240
14 85 87 118 142 362 409 456 508 567 575 624 793 986 1058 1092 1126 1216
35 373 401 605 611 1008 1091 1240
30 144
131 633 1094 1214 1240
30 35 58 84 150 161 270 298 318 472 627 686 718 722 736 742 846 917 973 1001 1006 1147 1163 1252 1259
431
88 134 331 334 358 398 412 417 451 537 543 553 587 632 637 666 677 707 711 734 744 827 835 884 893 905 922 946 948 951 954 967 973 986 1005 1019 1068 1113 1173 1180 1214 1240 1245 1251
12 922
203 248 349 356 492 525 554 617 624 642 882 921 1084 1094
76 89 92 117 398 587 992 1016
6 35 94 144 155 224 273 298 432 481 489 544 554 578 585 639 648 744 790 859 889 978 1021 1058 1070 1081 1124 1212
32 292 301 376 475 537 865 973 1020 1068 1156
59
24 397 460 596 624 750 890 1138 1208
117 153 1043
1237
136 386 689 921 1050 1058
138 432 522 523 840 948 996 1098
117 699 877 908 1043 1091 1252
242 884
328 781
52 136 274 277 494 561 777 852 891 1098 1100 1249
83 89 99 115 127 140 142 146 377 418 422 431 437 523 527 554 575 582 620 624 629 683 711 777 835 857 886 889 909 931 952 1058 1137
1212
85 349 683 1060
123 150 169 437 689 852 948 1041
58 117 181 369 396 453 510 535 572 744 889 941 969 976 992 1073 1127 1165
1047
738 1074
7 83 183 550 684 775 908 966 1171 1202 1212
83 914 1009
69 153 211 272 287 376 423 564 605 682 798 1035 1106 1252
628 798
118 155 186 201 442 549 604 627 780 781 851 934 1024 1028 1054 1124 1178 1252
764 1157
126 445 519 523 567 683
7 367 835
182 432 952 980 1037 1263
513 523
14 131 203 407 417 527 683 869 921 947 1094 1157 1240
58 89 144 150 224 378 446 494 749 866 917 973 1026 1220
52 87 183 205 223 884 930 1214 1253
494
100
87 150 191 194 201 494 541 601 656 781 842 961 1043 1078 1252
15 26 35 52 60 124 140 142 217 220 342 376 379 451 504 515 624 683 689 780 834 857 893 959 969 984 1056 1058 1097
1055
494
3 20 35 39 44 77 83 89 93 198 224 273 316 342 378 435 517 544 661 681 754 813 893 946 973 982 986 1010 1020 1026 1032 1055 1060 1128 1151 1205 1240
10
35 52 53 83 142 217 275 343 373 398 420 460 470 535 567 622 624 626 668 689 743 744 776 838 893 910 948 980 1034 1058 1067 1097 1107 1112 1249 1252
522 840
275 502 578 799 890 1211
52 80 84 611 622 934 953 1152 1170 1240 1260
30 234 604 615 627 673 684 731 743 764 1084 1153
117 198 224 769 943 982
920
342 578 601 952 1060
6 11 29 35 58 117 206 221 232 367 426 472 494 495 517 522 567 581 643 666 699 714 738 755 766 809 830 858 866 907 961 978 979 980 988 1016 1021 1073 1082 1087 1091 1124 1154 1163 1202 1220 1228 1237 1240
12 14 24 137 149 418 527 537 572 573 789 839 840 891 921 943 1137 1164 1223
61 448 726 1020 1073
14 46 791 1078 1138
272 832 976 1075 1094
46 60 83 87 89 103 127 138 149 181 190 258 280 321 349 363 386 397 438 466 470 490 517 527 588 599 618 619 624 640 641 653 744 756 785 786 791 818 819 837 847 866 921 922 926 948 952 980 982 986 1036 1068 1070 1094 1106 1116 1157 1202 1206 1216 1236 1240 1247 1264
275 1038
195 378 668 832 994 1072 1132 1145
124 469 554 582 596 1240
181 258 539 679 1157
37 87 117 180 323 400 508 535 543 689 835 992 1054 1071 1147
3 35 689 786 982 1096 1097 1240
46 85 127 277 331 377 412 470 523 792 826 921 946 952 972 1085 1245
195 342 378 445 446 869 1020 1118
320 376 492 522 689 1068
376 428 453 522 624 743 856 973 1156 1168 1186
24 83 174 183 349 492 605 814 1018 1064
24 207 277 303 320 523 723 792 800 826 952 1080
56 124 130 188 204 466 620 790
14 460 728 921 1068
137 397 527 921 947
299 614 741 1191 1192
294 376 624 625 683
28 46 140 354 641 666 744 786 884 921 922 923 948 952 959 967 1011 1028 1068 1097 1189 1249 1253
1010 1193
63 137 177 244 372 483 492 683 781 787 857 1173 1263
35 58 89 98 99 119 131 149 157 181 189 221 260 300 370 391 405 426 428 440 445 491 513 514 538 589 605 646 662 687 708 738 739 766 816 871 893 919 948 949 973 1013 1018 1049 1072 1073 1107 1128 1145 1184 1201 1208
46 157 212 367 412 469 494 670 708 846 956 1132 1170 1261
3 211 482 982 1079
3 19 35 48 58 68 69 70 84 144 150 168 185 298 318 346 367 380 435 445 494 535 658 674 686 759 771 804 816 823 842 881 1001 1055 1060 1079 1091 1147 1252 1253
26 90 149 150 157 187 240 372 396 434 605 619 623 627 646 682 760 816 823 920 934 973 987 1027 1031 1132 1170 1180 1208 1219 1252
627 743 1139 1246
37 168 708 889 1031
236 314 398 823 956 973 1000 1180
987
150 155 168 263 620 649 749 813 823 917 982 992 1001 1163
538
6 85 641
11 14 99 136 145 149 217 460 554 716 937 948 1041 1073 1240
183 522 1060 1094 1173
117 897
103
35 89 142 224 404 409 537 605 730 961 978 1111 1123 1154 1157 1208 1231
1110 1176
380 1060
131 1016 1157
154 209 370 609 611 616 880
625 1132 1148
6 54 153 258 934 1073 1123 1157 1242 1247
578 1004
26 668 689 871 1081 1186
548
150 469 988
87 455
77 394 793
14 124 174 277 386 437 543 640 675 780 807 826 921 946 967 1110 1116
372 460 905 1020 1043 1068
23 316 411 423 459
30 117 150 579 587 666 936 1010 1218
35 137 183 224 422 480 790 814 889 1036
136 142 165 437 625 921 1058 1094
89 120 123 131 144 285 358 655 771 794 884 1147
665 1152
27 53 177 250 343 514 948 1138 1216
20 24 276 469 506 513 666 891 944 1075 1095 1098 1115 1263
144 236 353 491 624
217
131 137 272
111
131 157 181 185 204 257 385 391 579 920 1032 1069 1155 1160
35 93 99 117 211 220 280 294 352 424 428 491 596 619 624 742 743 821 988 1023 1071 1131 1160 1212
12 22 30 87 136 522 546 587 666 688 861 884 921 973 988 1099 1166 1198 1252
665 1263
30 52 324 1002
543
123 174 177 194 575 577 584 590 889 924 1170 1178
136
475 589 1075 1094
565 708 968
52 81 123 201 242 244 262 274 275 305 313 343 379 422 522 705 886 930 948 951 952 1014 1078 1097 1129 1156 1186 1236 1249 1253 1261 1263
87 162 182 409 551 867 884 923 990 1115 1253
13 29 453 624 627 714 791
112 144
6 11 13 85 89 131 137 167 255 408 575 605 619 624 866 877 907 930 948 1058 1172 1210 1214 1220 1240 1256
46 514 554 633 890 995 1063 1130
948 1064
8 246 263 437 587 666 695 789 921 1068 1110
204 376 1137
35 117 221 224 367 549 759 917 973 1021 1083 1147 1163 1264
35 54 87 88 181 258 363 397 421 506 523 567 599 612 651 688 835 840 847 901 941 948 1044 1049 1073 1077 1110 1113 1116 1207 1264
161 556 952
553
46 124 128 138 208 217 277 282 283 306 341 381 431 473 522 537 575 591 712 865 946 947 948 959 985 1137 1138 1201
15 35 204 272 273 435 538 771 976 1170 1214 1233 1240 1260
35 869 930 1208
52 64 87 88 115 123 224 373 376 415 480 494 604 781 790 791 793 889 893 973 992 995 1014 1068 1103 1156 1171 1203
1069
14 24 99 123 132 151 268 320 334 376 460 551 624 638 744 797 839 962 973 1036 1173 1242
28 30 32 166 493 494 627 823 842 970 976 1139 1252
85 277 289 551 857 880 884
69 117 190 432 988 1083
554 921 1183
99 445 529 682 846 972 1063 1095 1098 1143 1161 1214 1240 1241
1 14 20 24 83 99 121 124 127 136 138 153 217 223 236 345 504 514 537 554 683 744 790 791 792 836 889 959 973 980 983 992 995 1009 1039 1163 1240 1258 1264
137 473 1151
30 144 148 155 191 214 221 272 366 370 448 469 510 528 538 583 622 629 714 747 823 907 956 989 1001 1016 1093 1107 1165 1174 1206
272 1173
46 301 522 959 1263
470 554 1111 1240
42 522 754
244 460 514 828 924 948 1043 1143
1249
89 253 445 631 847 1016 1098 1101
186
30 101 131 600 735
30 44 153 367 416 842 879 1169 1188
242 470 523 624 884 948 1094
321 470 578
224 234 236 446 473 568 1083 1118 1147 1237
358 522 567 786 884 1196
681 1183
30 117 446 736 1091
522
227 666 893 946 1089
32 627 973 1089 1208
44 72 123 298 300 342 367 494 600 649 759 1092 1257
217 683
508
241 1187
816 823
1139
565 733
129 840
30 35 131 150 221 248 323 589 622 668 690 780 823 851 960 1094 1160 1208 1216
14 53 88 89 131 492 522 608 624 633 683 847 948 952 1039 1068 1073
7 30 35 44 58 72 73 89 150 153 221 224 272 367 549 742 783 889 934 960 970 971 1163 1218 1252
56 362 836
121 1058
181 187 282 397 513 522 567 593 624 789 921 928 943 948 1073 1173 1238
1157
3 14 88 90 103 124 131 132 182 185 217 262 277 283 342 349 386 397 398 437 451 473 499 513 522 531 554 585 601 618 619 703 760 814 816 825 829 835 847 857 884 920 921 927 937 943 948 952 955 962 996 1023 1094 1098 1110 1162 1192 1201 1216 1259 1263
24 511 522 527 554 651 890 921
85 470 893 928 1151
131 206 323 489 587 649 670 790 923 964 982 1062 1216 1237 1264
24 99 104 124 132 174 203 275 376 397 436 554 610 622 624 683 781 793 829 893 921 952 956 1020 1033 1039 1138
596 605 890
106 135 191 369 482 611 612 898 973 1013 1016 1051 1151 1161 1170 1240 1255
334 637 641
6 30 35 150 224 231 322 435 446 539 668 686 699 738 790 823 936 1010 1073 1131 1201 1208 1211 1252
46 356 522 791 889 1240
14 88 217 398 921 924 1126 1203
349 554 946 1098
26 52 88 124 150 177 451 460 473 519 522 554 601 640 796 865 909 915 917 921 1050 1068 1151
83 985
22 236 478
117 216 463 480 481 724 733 980 1069 1237
886 956 972 1240
561 582
575
24 90 335 527 582 855 1263
454 485 573 588 666 1068
921
585
46 88 89 244 283 548 554 575 618 921 972 973 1110 1263
407
689 1161
599 1242
35 52 72 89 103 346 358 456 537 790 886 899 972 992 1245
89 117 186 342 1073 1147
22 37 46 52 103 125 154 222 275 282 303 376 422 434 537 554 567 573 641 789 793 836 921 972 986 1025 1068 1186 1211 1223
319 1206
17 30 35 44 150 310 373 475 538 541 718 736 742 804 934 956 969 975 1252
1 13 18 35 49 85 88 94 108 137 142 150 153 163 167 174 182 189 223 234 236 247 282 321 336 372 373 376 378 400 407 412 427 437 443 447 460 480 483 500 513 543 551 554 560 568 591 612 614 618 624 637 647 656 680 683 689 744 756 771 795 807 811 870 871 879 881 884 893 897 907 909 918 930 952 973 978 994 1004 1009 1011 1013 1016 1049 1058 1063 1068 1073 1076 1079 1106 1151 1161 1170 1171 1176 1214 1217 1224 1242 1250 1253 1263
1170
24 32 99 153 217 221 251 262 302 306 349 356 386 397 422 460 475 479 492 513 514 521 522 543 546 572 582 632 643 663 683 703 711 712 748 750 751 757 771 839 884 921 937 943 947 1005 1116 1165 1234 1240
64 142 150 506 605 749 884 982 1244
1243
142 1016 1080 1235
1099
56 181 1073 1116
87 144 342 353 383 718
13 69 84 153 387 435 475 494 627 670 686 798 851 885 970 1031 1060 1091 1147 1179 1252
631 1240
89 112 137 367 607 982 1016
24 52 65 81 88 90 120 121 125 127 150 177 180 201 244 252 262 276 277 328 343 358 372 376 379 412 420 475 483 492 506 514 521 558 561 562 577 582 587 607 608 666 680 683 689 703 744 746 774 780 814 845 847 924 972 975 984 1014 1028 1041 1043 1054 1060 1097 1098 1139 1166 1203 1216 1239 1249 1253
35 52 68 69 84 96 117 149 150 194 234 236 258 472 494 643 646 668 783 830 899 906 961 973 978 980 992 1051 1091 1097 1147 1148 1240 1252 1264
455
1214
577 633 1151
52 252 680 1193
1171
99 131 435 601 735 1014 1208
89 434 1063 1161
7 52 240 383 412 589 627 700 956 1095 1147
344 373 415 790 881
6 30 35 84 89 117 131 137 150 153 177 185 195 210 221 378 396 450 491 495 529 535 553 581 592 684 736 741 820 858 933 940 944 948 970 978 980 1047 1093 1132 1140 1147 1175 1208 1227 1231 1240
42 99 103 144 198 206 301 376 485 522 537 567 573 620 641 689 771 790 793 921 923 958 962 972 980 1073 1156 1157 1171 1211 1253
174 506
124 397
