113
3 8 9 10 12 14 19 26 27 29 30 33 34 35 36 38 42 43 44 47 48 49 51 52 53 54 56 58 61 64 65 66 67 73 75 77 78 79 81 82 85 86 87 88 89 92 93 94 95 97 98 99 100 102 103 106 110 111 113
3 4 18 19 20 21 22 30 33 35 37 38 42 45 48 51 52 53 65 68 69 73 81 83 88 89 98 102 108 109 113
1 2 5 8 9 12 13 15 18 21 22 24 25 26 27 30 33 34 36 37 38 39 40 42 43 44 46 48 50 51 52 53 54 55 56 58 59 62 64 65 66 68 69 72 73 75 79 82 83 85 86 89 93 98 100 102 104 105 106 108 109
2 6 8 9 12 16 30 31 33 38 42 48 57 58 59 67 83 92 93 96 113
3 23 25 28 43 51 54 57 79 87 92 94 102 104 109
4 9 12 13 16 18 19 22 27 30 34 38 39 42 44 47 50 51 52 56 58 59 62 66 67 68 69 70 71 75 76 77 82 83 86 87 89 92 96 99 100 102 103 104 105 106 109 111 113
9 12 13 26 27 28 29 30 32 34 36 38 42 43 45 47 48 50 53 57 66 67 87 94 102 104 113
1 3 4 9 12 13 15 16 18 19 21 22 23 24 27 28 29 30 33 34 36 37 38 39 40 42 43 44 48 50 52 55 56 58 59 61 62 63 64 65 68 72 73 78 79 81 83 85 86 87 89 90 91 93 94 96 98 100 102 108 109 113
1 3 4 6 7 8 10 11 12 13 15 18 19 20 27 29 30 31 33 34 35 36 37 38 39 40 42 43 44 45 49 51 52 56 57 59 61 62 65 66 67 68 72 73 75 78 79 80 82 83 85 86 87 88 89 92 96 97 98 99 102 103 104 105 106 108 113
1 9 26 33 40 49 50 51 53 54 62 63 72 81 82 85 86 93 98 102 106 108
9 13 16 26 27 29 30 31 33 34 38 39 40 42 44 45 48 51 52 55 58 65 68 72 84 85 88 94 97 99 100 103 104 109 112
1 3 4 6 7 8 9 17 18 22 23 27 30 32 33 34 35 36 38 40 41 42 43 44 46 47 48 49 51 53 54 56 57 60 61 62 63 64 65 66 68 70 72 73 75 78 79 82 83 85 86 87 88 89 92 93 97 98 99 100 102 103 104 105 106 108 110 112 113
3 6 7 8 9 11 19 23 30 34 36 38 40 42 47 48 52 53 55 57 58 62 63 65 67 70 78 85 86 87 88 102 106 108 113
1 16 21 24 30 33 34 35 38 39 41 44 49 50 52 55 58 60 61 62 66 68 82 91 93 99 100 102 104 107 108
3 8 9 22 25 26 30 32 33 37 38 42 46 54 59 68 78 79 81 83 87 93 98 104 105 109 111
4 6 8 11 14 18 24 29 34 39 41 43 44 45 47 50 52 53 57 58 65 66 68 83 87 90 91 93 97 98 99 102 103 108 113
12 18 26 27 34 52 57 66 84 89 91 93 94 97 99 102 103 104 105 113
2 3 6 8 9 12 16 17 19 34 36 38 39 40 42 43 44 48 49 51 53 54 55 57 58 66 68 69 78 79 82 83 87 88 89 98 100 102 106 112
1 2 6 8 9 13 18 22 26 27 28 30 32 33 34 36 37 43 48 49 52 53 54 56 57 58 61 64 65 66 67 68 71 72 78 83 87 93 97 101 106 108 113
2 9 30 33 36 38 42 65 73 108 112
2 3 8 14 23 30 33 38 41 42 51 56 60 61 65 73 93 98 108 112
2 3 6 8 12 15 19 24 26 27 29 30 31 36 43 48 50 52 55 56 57 58 61 63 66 67 68 71 78 96 99 102 106 109 113
5 8 12 13 21 24 29 30 33 36 38 40 41 42 43 48 49 50 51 55 56 57 59 62 64 65 66 70 71 73 82 83 85 88 93 99 100 102 106 108 111 113
3 8 14 16 22 23 27 33 34 36 38 39 44 45 50 51 53 61 63 67 69 72 85 86 99 104 106 113
3 5 15 26 28 30 33 34 43 44 50 51 54 55 56 63 66 72 75 78 86 87 89 93 97 103 106 110 111
1 3 7 10 11 15 17 19 22 25 28 29 30 33 38 39 40 41 42 44 45 46 48 50 51 52 53 54 55 58 59 60 65 66 71 72 75 78 82 86 87 89 90 91 94 97 99 102 103 106 108 109 110 111 113
1 3 6 7 8 9 11 12 17 19 22 24 30 34 36 38 40 42 48 50 52 53 55 56 57 61 62 66 77 83 88 89 93 94 97 102 103 104 105 106 110
5 7 8 19 25 26 30 34 36 38 42 43 46 47 48 50 51 54 55 57 59 63 72 85 86 87 93 94 96 102 106 107 112
1 7 8 9 11 16 22 23 26 30 33 36 37 38 39 40 44 48 50 55 57 58 67 68 82 83 84 88 93 99 102 104 113
1 2 3 4 6 7 8 9 11 12 13 14 15 19 20 21 22 23 25 26 27 28 29 31 33 34 35 36 37 38 39 40 41 42 43 44 45 47 48 49 50 51 52 53 54 55 56 57 58 59 60 61 62 63 64 65 66 68 69 70 71 72 73 74 75 76 77 78 79 80 81 82 84 85 86 87 88 89 90 91 92 93 94 95 98 99 100 101 102 103 104 106 108 109 110 111 112 113
4 9 11 22 30 33 34 37 38 40 44 61 62 100 102 109 113
7 12 15 19 38 42 52 58 89 97 102 105 113
1 2 3 4 8 9 10 11 12 14 15 19 20 21 23 24 25 26 29 30 31 34 35 36 37 38 39 40 42 44 46 47 48 49 50 51 53 54 55 56 57 58 59 60 61 63 64 65 66 67 68 69 71 72 73 75 76 78 79 81 84 86 87 88 89 92 93 94 98 99 100 102 103 104 106 107 109 112 113
1 3 6 7 8 9 11 12 13 14 16 17 18 19 24 25 27 28 30 31 33 36 38 40 42 43 44 45 46 48 49 50 51 52 55 56 58 59 61 62 64 65 66 67 68 73 76 78 79 81 82 85 86 87 88 89 91 92 93 97 98 99 102 103 104 105 106 111 113
1 2 9 12 14 30 33 36 38 42 50 66 72 78 85 95 100 108
1 3 7 8 9 12 13 18 19 20 22 23 24 27 28 29 30 33 34 35 38 40 41 42 44 48 50 51 55 56 59 61 63 64 65 66 67 68 69 71 72 82 83 87 88 92 93 94 96 99 100 101 102 106 108 109 111 112 113
2 3 8 9 15 19 29 30 31 33 38 39 40 42 44 45 48 53 56 57 65 76 77 83 87 88 97 98 101 102 104 108 109 113
1 2 3 4 6 7 8 9 11 12 13 14 15 18 20 21 23 24 26 27 28 29 30 31 32 33 34 35 36 37 40 41 42 43 44 45 47 48 49 50 51 52 53 54 55 56 57 58 59 60 62 65 66 67 68 72 73 75 79 80 81 82 85 87 88 89 92 93 94 95 96 97 98 99 101 102 104 105 106 108 112 113
3 6 8 9 11 14 16 18 24 26 29 30 33 37 42 44 49 57 66 79 81 82 87 89 90 91 93 96 103 104 105
3 8 9 10 11 12 13 18 23 26 27 29 30 31 33 34 36 37 38 42 44 48 51 53 54 55 56 57 58 59 63 64 65 66 68 69 71 72 75 79 83 85 86 88 89 93 94 96 97 100 102 103 104 106 108 113
12 14 16 21 23 26 30 36 38 49 56 60 65 70 85 86 87 98 102 108 109
1 2 3 4 6 7 8 9 11 12 13 15 18 20 21 23 26 27 28 30 32 33 34 35 36 37 38 39 40 43 44 45 47 48 49 51 52 53 54 55 56 57 58 59 61 63 65 66 68 69 72 73 76 77 79 82 83 84 85 86 87 88 89 90 92 93 94 95 96 97 98 99 101 102 104 105 106 108 110 111 112 113
1 3 5 7 8 9 12 16 18 19 22 23 25 28 30 34 38 42 44 45 46 49 51 53 54 56 58 62 65 66 72 75 78 79 82 83 85 86 87 88 89 92 93 96 97 98 99 100 101 102 103 104 106 108 111 113
1 3 6 8 9 11 12 14 16 18 24 25 26 29 30 31 33 34 36 37 38 39 40 42 43 48 56 57 58 59 62 63 64 66 67 68 75 76 79 81 83 85 86 87 91 93 94 98 99 100 102 103 105 106 109 111 112 113
2 7 9 11 16 24 26 30 34 37 38 42 43 47 48 49 51 52 56 59 60 65 68 70 72 75 78 85 86 87 93 94 99 104 106 113
3 12 15 26 28 33 34 43 48 51 54 62 67 75 78 86 87 89 94 97 107 111 113
1 6 7 12 13 16 28 30 33 38 42 45 48 51 53 57 66 70 83 88 89 92 94 95 97 100 104 113
1 2 3 4 7 8 11 12 13 18 19 22 23 26 27 28 29 30 33 34 36 37 38 40 42 44 45 46 47 49 50 51 52 53 55 56 58 59 61 62 64 65 66 67 71 72 73 75 78 79 83 85 86 88 89 90 92 93 94 97 98 99 100 101 102 103 104 105 106 108 109 112 113
1 9 10 12 14 18 19 23 30 33 34 38 39 41 42 43 45 48 56 62 64 68 72 73 75 80 81 82 84 86 87 88 89 91 93 97 98 99 102 103 104 106 108 110 113
3 6 7 8 10 14 16 22 23 24 25 26 27 28 29 30 33 34 35 36 38 48 51 53 55 57 58 59 60 63 65 66 71 72 79 81 87 88 93 96 99 102 103 104 106
1 2 3 5 6 9 10 11 12 18 21 23 24 25 26 28 30 33 34 36 38 40 42 43 45 46 47 48 50 52 54 59 60 61 63 64 66 72 73 76 78 79 80 83 85 86 87 88 89 94 95 96 97 98 99 100 102 104 106 112 113
1 2 3 6 8 9 11 13 14 16 17 19 22 26 27 30 32 34 38 42 45 48 51 53 57 58 62 65 68 73 75 79 84 88 89 90 92 94 102 103 105 108 109 110
1 2 3 7 10 12 13 16 18 19 24 26 27 30 33 37 38 40 42 43 47 48 50 52 55 57 58 62 65 68 69 73 75 76 77 80 81 83 84 87 88 89 90 98 102 103 104 110 112 113
1 3 5 10 12 15 18 19 25 26 28 30 33 38 40 42 43 46 51 59 63 65 68 72 78 79 81 83 86 87 93 96 97 102 104 106 107 108 111
3 8 11 13 14 18 22 23 25 26 27 28 29 30 33 34 36 38 40 42 48 50 53 57 59 62 63 65 68 79 82 88 93 94 96 100 102 103 106 108 112 113
1 3 6 8 9 12 19 21 22 23 25 27 30 33 34 36 37 38 40 41 42 43 44 45 48 49 61 62 64 65 67 68 72 79 80 83 87 89 93 94 97 98 100 102 106 110 113
4 5 7 9 12 13 16 17 18 19 22 23 27 28 29 30 33 37 38 39 40 42 44 47 50 52 53 55 58 60 65 66 68 75 78 79 80 83 88 90 93 99 102 104 113
1 3 4 6 8 11 13 14 16 18 19 22 26 29 30 32 33 34 38 40 42 43 44 48 50 52 53 57 59 72 75 78 81 93 97 99 102 106
3 4 6 8 9 15 23 26 28 30 33 34 36 38 40 42 44 45 48 50 51 54 55 58 62 79 85 88 89 97 98 99 101 102 103 104 105 106 110 112
12 14 21 26 30 33 38 41 45 50 51 57 65 68 71 77 78 85 96 99 102 106
1 8 9 12 14 19 21 22 24 27 30 31 33 34 36 42 48 51 56 68 71 77 79 81 83 85 87 89 90 93 97 98 102 106 113
3 6 8 9 10 12 13 14 23 27 30 31 34 38 43 44 46 48 49 52 53 55 56 59 65 71 73 75 78 79 81 82 85 89 93 94 99 102 103 104 106 108 110 113
8 10 12 13 22 24 25 28 30 33 36 40 42 44 50 51 54 55 64 72 83 86 87 94 96 98 102 106
1 3 8 12 19 23 30 33 34 36 40 44 48 49 51 56 63 72 78 83 86 88 94 99 100 102 106
1 2 3 8 9 11 12 13 16 19 20 21 23 26 30 33 34 36 37 38 40 41 42 43 45 48 50 52 53 54 55 56 57 60 62 66 69 71 73 78 82 83 86 87 88 89 93 99 100 102 104 105 106 108 109 112 113
1 3 6 7 9 12 14 16 17 18 19 22 23 25 26 27 30 33 34 35 36 38 39 40 42 43 44 47 48 50 51 57 65 67 68 72 76 78 80 81 83 84 86 87 93 95 100 102 103 104 106 109 110
1 4 6 7 9 13 19 22 24 29 33 34 36 38 44 46 48 56 66 85 88 92 93 94 97 102 104 113
2 3 6 8 9 11 12 14 15 16 18 19 22 29 30 33 34 36 38 40 42 44 45 49 52 53 54 55 56 57 60 61 66 70 71 75 76 81 87 91 92 94 100 102 108 113
2 3 6 18 24 30 33 36 40 42 53 65 73 104 105 108 112
6 12 13 23 30 41 45 47 68 85 96
6 19 22 23 26 30 33 36 40 48 50 60 61 62 65 68 82 85 91 93 96 98 99 100 103 106 108
3 8 9 10 11 12 19 24 25 26 28 30 33 35 36 38 40 42 43 45 48 49 50 51 54 56 58 63 64 66 78 79 85 86 93 95 99 100 102 103 106 107 108 109 111
1 2 3 8 9 12 20 21 23 30 33 34 38 42 48 49 51 52 53 62 65 69 79 88 89 97 102 108 109 112
30
1 3 6 9 12 25 26 30 33 38 40 43 44 45 46 48 49 52 53 57 58 62 68 81 86 89 90 93 99 100 102 104 105 106 108 110 112
6 30 33 34 37 42 44 51 53 66 68 79 86 89 111
1 6 27 30 37 42 53 60 61 86 92 106 110
1 8 9 12 13 15 18 19 22 25 26 30 33 34 35 43 45 46 48 51 54 57 58 60 62 64 65 66 72 87 92 93 94 97 100 106 111
1 3 5 8 9 12 15 18 30 33 34 38 39 40 42 43 44 48 50 51 52 54 55 56 57 59 61 62 72 73 76 81 82 85 87 89 90 95 96 98 102 104 105 107
9 30 38 49 51 53 56 57 66 88 93 95 98 99 106 110
1 2 8 10 15 30 33 34 38 39 44 49 50 53 54 58 61 62 66 68 75 79 90 93 96 99 104 106 108
1 3 6 9 10 12 14 18 23 26 29 30 34 36 38 39 42 43 49 55 62 65 71 79 83 85 88 89 93 104 112 113
2 3 4 6 8 9 12 15 16 18 19 23 27 29 36 37 40 42 43 44 47 48 51 53 54 56 57 61 63 64 65 66 82 85 88 89 93 94 96 98 99 100 102 104 106 113
11 17 29 30 33 42 49 52 53 66 102 105 106 112
1 3 8 9 10 11 12 13 23 24 28 30 34 35 38 40 41 42 43 44 45 48 51 59 60 61 62 67 70 71 72 79 82 83 87 88 89 93 94 102 104 106 107 108 112
1 3 6 8 9 10 12 13 24 25 26 28 30 33 34 40 41 42 43 44 45 46 48 49 51 54 63 64 65 66 72 75 76 77 87 89 95 96 97 102 103 112
1 5 6 7 8 9 12 13 15 16 18 19 25 26 28 30 33 34 36 37 38 39 41 42 43 44 45 46 49 50 51 53 54 56 61 63 65 66 68 78 79 85 86 89 93 96 97 102 103 104 106 107 108 111 113
1 2 9 11 12 13 18 23 27 29 30 33 34 36 37 38 40 42 43 47 48 49 50 51 52 53 55 57 59 64 65 67 73 80 82 83 85 92 94 98 102 104 106 108 111 112 113
1 2 3 6 8 9 12 17 18 25 26 27 30 32 33 34 38 39 40 42 43 46 47 48 49 51 52 53 56 59 61 62 65 73 75 76 79 82 83 85 86 87 91 92 93 94 97 98 100 102 104 105 106 107 108 110
8 16 26 30 39 42 48 52 53 57 61 75 79 81 93 94 99 103 108
8 14 16 17 26 30 34 39 44 49 68 71 89 93 94 100 102 110
1 4 5 6 9 12 30 33 34 36 38 42 43 47 48 52 67 68 77 78 88 89 94 98 102 113
1 3 4 8 10 12 14 15 16 17 19 21 23 25 27 28 29 30 33 34 36 38 39 40 42 43 44 45 48 49 50 54 55 56 57 58 61 62 65 66 67 71 72 75 78 80 81 82 83 85 87 89 90 91 94 99 100 102 104 108 110 113
1 5 7 8 11 17 26 27 28 30 33 36 38 40 42 44 45 46 47 48 51 52 55 56 62 63 64 67 68 78 83 85 88 89 90 91 92 93 98 99 100 102 105 107
1 30 35 38 42 47 51 66 72 79 80 86
4 6 8 9 22 28 36 38 39 40 42 43 50 51 54 55 60 63 70 71 79 81 83 86 87 97 98 99 102 104 106 110 113
1 9 11 12 16 17 19 25 26 27 32 34 37 38 40 42 43 46 47 48 49 51 54 56 58 59 61 67 73 78 86 87 89 96 99 102 103 108 111 112 113
1 2 3 8 9 10 12 15 16 18 21 30 33 34 37 38 41 42 43 44 48 49 51 53 56 59 61 63 71 79 80 83 88 89 92 94 96 102 108
1 6 9 11 12 14 16 17 22 23 24 26 29 30 33 34 36 38 42 43 44 45 48 49 50 51 57 58 59 60 62 64 65 71 72 75 80 81 83 90 93 94 96 97 102 104 106 109 112 113
1 3 6 8 11 12 14 18 23 30 31 33 35 36 40 43 44 47 48 51 55 56 64 65 66 68 71 72 75 78 83 89 91 93 94 105 106 109 113
19 30 36 37 38 42 43 48 59 105 106 113
1 2 3 5 6 7 8 9 10 12 13 14 16 17 18 22 23 26 27 28 29 30 31 32 33 34 36 37 38 40 41 42 43 44 48 49 50 51 52 53 54 55 56 57 58 59 60 61 62 63 64 65 66 67 68 72 73 75 79 83 84 85 86 87 88 89 91 92 93 94 96 97 98 99 104 105 106 108 109 112 113
1 6 9 11 12 16 17 25 26 27 30 33 34 39 40 43 44 48 49 50 52 53 55 59 62 66 71 72 86 87 90 97 104 106 112 113
3 5 6 7 9 11 12 14 15 17 24 27 29 30 33 34 37 38 39 40 42 43 45 47 48 49 50 51 53 54 57 59 62 65 66 67 69 75 79 81 82 83 85 87 88 89 93 96 99 102 103 106 107 108 113
3 6 9 12 15 17 27 32 34 38 39 42 44 48 52 59 65 69 75 79 84 89 94 100 101 102 113
1 3 6 9 10 12 13 18 19 22 23 24 25 26 27 28 30 33 34 36 38 40 42 43 44 45 48 49 50 51 54 55 56 58 59 60 61 62 63 64 65 66 71 72 75 77 78 80 81 83 84 85 87 88 89 96 99 100 101 102 103 104 108 111 112 113
14 28 33 46 54 72 79 85 87 89 94 104 108
2 3 8 9 10 12 13 14 16 19 20 21 23 26 30 35 36 37 38 40 41 42 43 48 49 52 54 55 62 65 68 69 71 72 73 75 81 85 87 88 89 90 93 97 98 102 104 106 107 112 113
2 3 5 6 8 11 15 22 26 30 31 33 36 37 41 44 48 52 65 66 72 73 99 100 102
1 12 25 26 27 30 42 49 52 53 56 59 62 66 75 77 80 89 91 93 96 111
1 6 15 23 25 26 30 34 36 42 43 44 46 54 72 76 78 87 88 97 106 110 112
11 12 18 20 21 28 30 33 36 38 42 44 48 51 53 55 59 65 69 73 75 82 84 85 86 88 97 99 102 103 106 108 111
1 2 4 6 7 8 9 12 13 16 17 19 22 23 24 26 29 30 31 32 33 34 36 37 38 40 42 43 44 45 46 47 48 49 51 53 55 56 57 61 62 65 67 68 82 83 87 88 92 93 96 97 99 100 101 102 103 104 105 106 108
