410
14 30 63 78 83 97 120 125 130 144 157 174 185 196 210 240 274 293 305 318 328 333 342 361
7 39 74 75 104 116 148 149 182 200 201 221 223 235 239 274 283 286 291 343 347 362 366 372 380 410
6 14 28 57 96 109 110 128 129 157 163 172 197 229 236 241 245 249 273 287 307 333 398
76 159 252 290 302 381 393
9 14 21 30 58 78 85 97 144 157 173 233 240 273 318 333 335 337 342
3 22 96 188 214 236 265 363
2 12 51 104 116 148 149 183 186 193 200 216 223 226 227 270 282 286 304 366 372
11 43 49 60 63 94 162 178 195 208 217 222 271 275 278 320 370 372
5 13 29 37 41 54 61 64 90 126 128 157 163 173 179 225 233 236 258 263 273 277 287 318 335 349 377 386 402
62 92 385
8 43 49 162 178 195 208 217 222 228 243 271 278 297 320 347 372 392
7 51 104 116 148 183 193 216 223 226 270 282 362 366 372 380 410
9 29 37 54 61 64 90 126 155 163 188 196 225 236 273 277 296 335 342 349 377 402
1 3 5 37 41 54 90 129 139 172 225 241 258 262 301 307 319 342 398 401
32 72 118 134
31 76 99 151 165 176 204 218 232 242 244 336 356 359
56 133 152 279 282 330 381 399
40 59 212 243 256 304 384
146 257 262 385
73 98 145 174 275 292 376
5 58 73 78 85 97 105 144 150 157 173 174 206 229 277 293 318 337 342 364 369
6 71 87 92 96 100 110 146 157 179 188 236 249 250 257 262 398
60 125 185 205 231 300
277
35 79 124 156 276 298 378
76 82 166 212 243 279 383 390
30
3 37 57 86 90 96 110 172 197 229 262 307 312 333
9 13 37 54 61 64 90 126 155 163 225 277 335 349 377 398 402
1 5 27 38 97 105 132 135 144 150 196 233 240 243 274 285 293 297 318 322 326 337 342 364 400
16 165 176 218 232 242 336 359
15
40 152 204 252 253 310
43 45 63 121 271 275 347 372
25 50 55 57 79 100 124 156 276 298 334 378 387 389
63 73 114 125 150 205 219 261 305 326 333 337 358 408
9 13 14 28 29 54 64 90 126 150 155 163 225 273 277 296 335 349 369 402
30 83 132 150 157 169 240 259 274 285 297 326 358
2 51 74 75 104 116 149 182 200 201 227 235 239 270 274 283 286 291 343 351 362 380 410
18 33 68 80 82 118 137 138 166 176 212 230 254 289 325 346 383 394 395 406
9 14 58 207 281 293 377
157 179 190 264 334 373 389
8 11 34 49 60 67 81 94 121 135 154 162 178 184 208 217 222 228 251 255 271 278 320 357 370 372
78 157 191 206 233 240 333 369
34 122 142 223 246 372 404 405
68 76 113 159 176 187 218 252 253 290 302 304 310 344 374 406
111 120 147 168 177 180 189 210 213 237 266 314 323
119 209 211
8 11 43 157 162 208 217 222 255 271 278 365 370 372
35 55 65 79 124 156 209 224 276 295 298 334 350 378 387 389
7 12 39 75 116 148 182 183 193 216 223 226 235 239 270 282 283 286 291 355 366 372 397 410
98 112 127 175 275 339 347 365 366
60 91 114 120 125 140 185 205 300 305 388 408
9 13 14 29 37 64 90 126 155 163 196 214 225 273 277 285 296 335 377
35 50 79 124 236 334 350
17 82 89 133 152 256 279 330 346 383 384 399
3 28 35 65 79 110 197 215 236 287 295 298 334
5 21 41 78 85 97 105 144 150 173 206 233 293 318 342 364 369
18 127 158 269 331 343 410
8 23 43 53 83 91 114 120 125 130 140 147 162 180 185 205 210 213 222 231 237 245 266 278 288 300 305 314 315 323 348 388 408
9 13 29 64 126 155 225 263 273 277 335 349 350 377 402
10 139 312 398
1 8 34 36 67 94 121 148 154 162 178 181 192 228 255 271 305 328 347 354 357
9 13 29 37 54 61 90 163 225 273 277 335 337
50 57 79 215 224 295
70 84 131 186 221 227 304 306 311 321 404
43 63 94 121 148 154 162 170 178 192 217 222 228 255 271 278 305 328 354 357 370 372
40 46 99 106 113 117 118 176 212 218 232 302 336 356 367 375
98 102 169 217 220 234 243 278 284 315 365
66 153 316 321
22 132 157 229 241 326
15 106 108 118 212 230 244 254 332 352 356 367
20 21 36 102 145 174 208 217 251 274 275 278 292 314 315 341 361 370 372
2 39 116 136 149 182 193 201 235 239 270 282 283 286 291 343 362 380 407 410
2 39 51 104 116 148 149 182 216 235 239 270 282 283 286 291 304 306 343 362 366 380 410
4 16 26 46 99 107 113 159 166 187 198 204 252 260 290 302 304 310 325 336 356 374 379 381 383 393 406
86 103 172 236 294 317 382
1 5 21 44 58 85 97 105 144 173 196 233 318 333 342 349 358 364 369
25 35 50 55 57 65 119 124 156 209 211 224 276 298 334 378
40 89 107 123 137 202 352 379 406
43 84 98 111 140 145 174 195 222 251 275 278 320
26 40 56 89 159 166 212 243 279 310 383 384 390
1 38 60 112 150 157 220 240 285 308 337 358
66 81 95 104 115 131 186 221 227 282 286 291 304 306 366 380 404
5 21 58 78 97 105 139 173 207 225 233 318 342 364 369
28 77 96 103 211 241 317 382
22 157 257 391
112 135 222 231 259 275 282 357
56 80 82 133 152 212 256 279 304 325 329 330 383 384 399
9 13 14 28 29 37 54 64 126 132 150 163 225 258 273 277 287 318 319 335 349 361 377 396 402
53 60 102 111 114 120 125 130 132 140 157 185 205 210 217 231 266 288 300 314 348 388 392 408
10 22 157 262 333 378 385 387 403
191 272 285 353
8 43 63 67 121 148 154 157 170 178 181 184 192 217 222 228 238 255 271 275 278 320 322 354 357 370 397
84 149 186 372
3 6 22 28 86 214 312 363
1 5 21 30 58 78 85 105 132 144 157 173 196 293 318 342 364
20 52 69 81 145 195 216 234 251 278 314 347 361
16 68 76 137 151 165 176 204 218 232 242 244 304 336 356 359
22 35 179 188 214 236 241 249 287 294 312 326 340 373 391
141 231 303
69 73 91 169 220 228 234 245 278 284 315 365
77 86 179 236 317 382
2 7 12 39 75 84 116 149 182 183 186 200 201 216 223 226 239 283 286 291 304 343 351 362 366 380 410
21 30 58 78 85 97 144 155 173 180 196 225 233 285 293 318 333 342 369
68 72 108 113 118 176 212 218 230 244 248 254 289 332 345 356 359 367 368 375
76 80 159 187 198 252 290 302 304 310 379 381 384 393
72 106 230 253 332 352 356 394
3 128 139 157 172 236 241 287 318 340 398
3 22 28 57 172 197 236 245 262 307
47 81 91 114 120 125 147 157 168 177 180 189 210 213 231 237 261 266 288 314 323 392 408
52 83 88 169 243 292 339 357
46 68 76 106 118 199 244 302 304 344
36 53 60 91 111 125 140 185 205 210 217 231 300 305 314 333 337 348 370 408
84 131 143 186 194 221 227 311 316
2 7 12 39 51 74 75 104 148 149 158 182 200 201 221 226 227 235 239 270 282 283 286 291 343 355 362 366 380 397 410
68 212 367 375
15 40 68 72 106 113 133 164 212 244 248 254 302 330 332 368 375
48 79 156 157 209 211
1 47 53 60 91 111 130 157 168 177 180 185 210 213 237 259 261 266 288 300 314 323
34 43 63 67 94 148 154 170 178 181 184 192 208 222 228 238 255 278 328 339 354 357 370 372
45 148 161 226 243 274 286 327 355 376 410
80 137 268 297 325 329 406
25 35 50 55 79 156 224 276 298 350 373 378
1 23 36 53 60 91 111 114 130 140 189 205 210 231 300 305 314 333 337 348 388 408
9 13 29 37 54 61 90 155 163 225 272 277 296 318 335 349 377
52 59 175 220 339 366 376 410
3 9 109 157 168 209 240 245 299 314 369
3 14 225 277 319 401
1 60 91 120 125 140 205 210 231 300 348 370 408
66 84 115 186 227
30 38 71 90 91 97 139 150 207 274 305 337 369 396 408
17 56 89 118 304 330 356 384
15 332 352 394
30 43 88 217 274 275 361
74 142 246 338 360 404
40 80 99 123 151 202 204 218 242 268 302 304 325 329 330 346 379 381 399 406
40 254
14 62 85 109 132 236 241 262 312 318 398
53 60 81 91 114 125 130 157 185 205 217 231 251 300 333 348 388 408
101 231 303
45 136 143 246 274 338 405
115 142 160 194 218 226 246 338
1 5 21 30 58 78 97 105 150 173 196 206 261 293 318 326 337 342 364 402
20 73 81 98 157 195 251
19 22 257 262 385
47 60 111 168 177 180 189 210 213 237 261 266 288 314 323 392
2 7 12 51 63 67 75 94 116 121 122 149 162 170 178 184 192 193 205 216 222 223 226 228 255 270 271 275 282 286 291 320 324 328 347 354 357 361 366 372 376 380 410
2 7 39 74 75 95 104 116 148 182 200 201 226 235 239 282 283 286 291 304 343 362 366 372 380 410
21 30 36 37 38 58 83 90 132 144 157 173 214 229 240 258 263 274 285 305 318 337 358 364 396 408
16 99 137 165 176 204 218 232 242 336 359
17 33 56 89 202 253 256 260 282 304 374 384 399
70 316 321
43 63 67 94 121 170 178 192 208 217 222 228 255 271 354 357 372
13 29 37 54 61 105 126 163 225 277 296 335 349 377
25 35 50 79 119 124 215 224 276 280 298 378 387
1 3 5 9 21 22 38 42 44 49 71 83 87 91 92 94 97 109 111 119 120 128 140 145 150 179 181 185 191 205 206 207 209 214 236 240 245 249 274 280 287 288 294 309 312 333 353 373 391 398
59 116 246 331
4 46 76 82 107 187 198 202 232 252 253 290 302 304 310 325 379 381 393
143 194 218
122 274 327 355
8 11 43 49 60 63 67 148 174 178 184 195 208 217 222 255 259 271 278 288 320 328 357 370 372
3 9 13 29 37 54 64 90 126 155 188 225 236 273 277 318 319 335 337 349 361 377 398
118 254 394
16 31 99 151 176 204 218 232 242 336 356 359
26 40 76 82 202 218 243 253 310 325 383 390
211 214 262 307 409
47 111 120 128 147 177 180 189 210 213 237 261 266 288 314 323 392
38 69 102 112 220 234 243 275 284 315 365 376
67 94 121 148 154 178 192 255 354 357
301 307
3 14 28 77 109 110 197 229 241 262 280 287 307 312 326
5 9 21 58 78 85 97 105 144 150 233 240 251 259 285 293 318 335 337 342 353 364
1 20 21 73 81 162 238 274 284 292 305 314 315 370
52 127
16 31 40 46 68 99 106 151 165 204 218 232 242 253 336 359 367 375
47 111 120 147 168 180 210 213 237 261 266 314 386 392
8 11 43 63 67 94 121 148 154 162 170 184 192 208 217 222 228 234 255 271 275 328 357 370 372
9 22 42 100 103 157 188 211 236 262 280 287 294 333 373 391 398
47 60 105 111 120 147 168 177 189 210 213 237 261 266 314 323 386 392
63 94 121 157 220 238 297 305 376
2 39 51 74 75 104 116 149 183 193 200 201 223 235 239 270 283 286 291 343 362 366 380 410
7 12 51 104 182 193 216 223 226 239 270 282 286 291 366 372 410
43 94 121 148 162 178 192 208 217 228 255 271 320 328 354 357 372
1 23 53 60 91 114 120 140 157 205 210 231 300 314 333 348 388 408
7 66 84 95 104 115 131 221 227 282 286 304 306 316 404
46 76 107 159 198 252 290 302 304 310 379 381 383 384 393
6 13 22 100 163 179 236 249 262 319
47 111 125 147 168 180 205 210 222 237 261 288 300 314 323 348 392
42 264
44 93 157 258 259 281 285 293 319 333 353 361 369
63 67 94 121 148 154 170 178 184 208 217 222 228 243 255 271 284 292 297 320 328 339 354 357 372
7 12 51 74 148 182 183 200 216 223 226 235 239 246 270 274 275 282 286 291 304 306 343 366 372 380 397 404
115 143 160 267 316 351 404
8 11 81 98 145 162 217 251 275 347
1 13 30 54 78 97 105 144 293 318
3 28 57 110 172 245 307 317 386
76 107 159 187 252 302 304 310 325 379 381
113 302 344
2 7 39 104 116 149 182 193 201 226 239 267 270 274 286 291 362 366 380 410
2 39 74 104 116 149 182 200 216 223 235 239 283 286 291 304 306 343 362 380 410
80 137 152 159 166 346
409
16 33 76 99 137 151 165 176 218 232 242 325 336 359
23 36 53 60 91 114 125 130 140 148 157 185 189 210 231 288 300 305 314 333 348 408
21 44 58 144 157 229 240 258 281 285 293 318 319 326 333 342 353 361 369 371
41 85 132 157 296 333 342
8 11 43 49 73 121 154 162 178 184 192 217 222 228 255 271 278 320 357 365 370 372
48 50 79 119 128 157 211 262
1 47 60 91 111 114 120 125 130 147 168 177 180 185 189 205 213 217 231 237 261 266 274 288 300 305 314 323 348 392 408
48 79 86 119 167 179 209
18 26 40 68 72 82 89 106 117 118 243 244 256 260 268 310 332 356 375
47 60 111 120 147 168 177 180 210 237 261 266 288 314 323 386 408
6 54 96 100 150 157 167 294 337
57 65 156 295
7 12 51 75 98 104 148 183 193 201 223 226 235 270 274 282 286 291 343 362 366 372 380 397 410
8 11 43 49 67 69 73 91 94 114 135 140 154 162 178 184 192 195 208 210 222 228 243 266 271 278 284 288 292 303 320 357 370 372
16 31 46 68 99 106 137 143 151 160 165 166 176 204 232 239 242 253 304 336 359 404
36
69 83 102 127 169 181 234 284 315 365
2 66 84 115 116 186 227 306 404
8 11 43 49 60 67 81 88 94 121 148 154 162 178 189 192 208 217 228 251 255 271 278 292 297 320 370 372
2 7 12 45 51 104 148 182 183 193 201 216 226 243 270 282 283 286 291 343 362 366 372 397 410
50 65 79 124 156 276 298 378
9 13 14 29 37 54 61 64 85 90 105 126 129 155 163 263 273 277 296 318 335 337 349 377 401 402
7 12 51 104 116 122 143 148 149 183 193 200 216 223 235 239 270 282 291 313 355 362 366 372 380 397 410
7 39 66 84 115 116 131 186 221 304 306 362 404
11 43 63 67 94 102 121 148 154 178 184 192 208 217 222 255 271 297 315 328 354 357 365
3 21 28 71 150 172 206 236 307 326 337
40 72 106 108 253 254 332 394
23 60 88 91 101 111 114 125 130 140 141 185 205 210 266 300 303 305 333 348 357 388 408
16 31 68 99 151 159 165 176 204 218 242 304 336 359 406
5 9 30 44 58 78 85 105 173 293 305 315 318 337 342 364
69 98 102 169 178 220 275 284 305 314 315 365
2 39 51 74 75 116 149 182 193 201 216 226 239 282 283 286 291 343 351 362 366 380 397 410
3 6 9 13 22 55 57 77 100 103 109 110 139 157 163 179 188 229 245 249 257 262 287 319 326 398
47 60 111 120 147 168 177 180 189 210 213 261 266 288 314 323 386
94 121 174 181 243 266 297 300 305
2 39 51 74 75 104 116 149 182 183 193 200 201 218 226 235 274 282 283 286 291 343 362 380 410
1 5 30 38 44 83 128 150 157 173 206 318 333 337 358
3 14 71 86 100 109 139 172 312 319 340 377 382 398
16 31 99 137 151 165 176 204 218 232 244 304 336 359
11 18 26 30 69 82 112 122 166 169 192 212 217 223 238 255 274 279 284 297 304 328 354 376 390 399
16 72 99 106 113 118 212 242 356
3 60 102 110 128 157 197 236 284 299 315 348
45 136 142 143 158 193 306 338 360 372 405
307
106 118
3 22 100 157 188 236 262 287
22 262
43 73 81 98 140 145 173 195 222 275 278 314 347 370
4 33 46 76 107 159 187 198 290 302 304 310 379 381
33 46 108 152 159 166 176 218 230 304 352 359 367 374 395
40 72 106 118 138 164 230 332 356
43 49 63 67 94 121 148 154 162 170 178 184 192 208 222 228 243 271 328 354 357 370
18 56 89 152 212 260 279 304
19 22 87 146 236 262 312 385
9 14 90 150 191 206 285 386 391 398
38 88 120 162 173 191 261 274 300 353 371
76 152 212 256 379
36 111 120 144 147 168 177 180 189 210 213 237 259 266 288 305 314 358 392
14 19 22 28 92 110 139 146 167 172 179 188 209 236 249 250 257 398
9 61 150 225 335 402
42 190
6 312 333
47 60 91 111 120 147 168 177 180 210 213 217 231 237 238 261 288 314 318 323 408
194 200 343 351 404
123 137 212 325 329 346 406
59
7 12 39 51 74 75 116 148 182 183 193 200 216 223 226 282 283 291 343 362 366 372 397
8 11 34 43 49 63 67 94 148 154 162 178 184 192 208 217 222 228 255 278 320 357 370 372 397
93 126 281 285 293 369 371
3 5 9 13 37 54 61 64 90 163 225 277 296 349 377 402
1 2 30 38 39 73 122 132 135 142 150 157 161 174 193 200 210 216 239 243 259 282 283 304 306 314 333 337 400 404
8 20 34 52 73 81 88 94 135 148 169 178 193 195 234 251 347
25 35 50 79 124 156 224 298 378 387
9 13 21 24 29 37 54 61 64 90 126 129 155 163 225 273 318 319 342 349 402
8 11 43 49 60 67 69 73 81 94 98 102 121 162 208 217 222 251 271 320 357 365 370 372
17 26 56 82 89 243 256 325 384 390 399
156 157 172 179 373
41 191 206 272 369 371
7 12 17 51 74 75 84 88 116 148 149 152 183 186 193 216 223 226 235 239 270 274 283 286 291 321 360 362 366 372 380 397 404 410
2 39 51 74 75 104 116 149 182 201 223 235 239 270 274 282 286 291 311 343 362 372 380 410
69 102 169 174 192 217 220 234 243 245 292 315 347 365 370 372
30 38 54 83 93 105 150 173 191 206 258 272 293 353 369 386
2 7 39 51 74 75 84 104 116 122 148 149 182 183 186 193 200 201 216 223 235 239 282 283 291 311 343 355 362 366 372 380 410
3 9 57 90 100 109 157 172 179 236 249 335 391
60 91 111 120 147 157 162 168 189 205 210 213 217 237 261 266 300 305 314 323 333 369 392 408
40 106
4 46 76 107 159 187 252 302 304 310 379 381 384 393
2 39 51 74 75 84 104 116 148 149 182 183 193 200 201 216 223 226 235 239 270 282 283 286 343 362 372 380 410
20 73 112 174 192 217 222 284 305 314 315 361 372 376
1 21 30 41 58 97 105 144 173 191 196 206 233 272 285 318 319 342 364
77 100 157 179 214
50 57 65 215
13 37 54 126 155 207 225 273 335 349 377 402
11 30 38 123 181 192 222 228 238 243 304 305 316 321 328 354 399
25 35 50 57 79 124 156 224 276 378 389
128 245 409
23 53 60 91 114 120 125 130 140 185 189 205 210 231 238 259 288 305 314 333 348 408
14 171 307
4 46 68 76 107 113 118 137 159 187 198 199 252 290 304 310 325 344 356 375 379 381 393 395 406
101 141 217 231 357
7 18 46 66 75 76 84 89 99 104 107 113 133 137 149 152 159 186 187 193 198 201 218 227 232 242 243 252 253 256 274 290 297 302 310 311 313 316 321 325 336 374 379 381 399 406 410
1 36 53 60 63 67 114 125 132 150 174 181 205 210 231 233 234 238 261 288 292 297 300 326 333 337 348 408
66 75 84 186 193 201 221 227 246 274 311 360 362 404
3 14 28 110 167 171 172 197 229 247 301 319 373 409
83
157 333 334 340 389
33 46 76 82 107 159 166 187 198 212 252 290 302 304 374 379 381 384 393 406
66 115 283 286 304 306
28 62 96 100 139 157 172 241 257 265 333
226 304 407
47 60 73 91 98 111 114 120 125 128 147 168 174 177 180 185 189 205 210 213 234 237 251 261 266 274 288 292 300 318 323 361 386 392
60 69 73 102 169 174 220 228 233 234 245 284 292 365
70 115 153 186 194 297 304 321
77 86 103 197 382
1 5 9 21 30 58 78 85 90 97 105 109 126 139 144 150 163 173 196 206 225 233 240 266 277 293 314 335 337 342 364 402
14 90 129 163 188 191 206 236 241 277 293 307 398 401
8 11 43 81 94 148 162 184 192 208 217 222 271 278 370
66 70 153 282 297 304 316 351
30 94
47 60 111 120 147 168 180 189 210 213 237 266 288 314 386
148
40 76 89 123 137 159 166 198 204 268 279 302 304 329 330 346 406
30 36 38 71 100 144 172 206 229 236 305 333 337
122 161 355
1 63 67 121 148 162 178 184 192 228 243 255 297 354 357 372
89 123 137 268 325 399 406
17 56 89 118 133 137 325 336
59 158
72 106 108 118 134 212 230 254 368 375
1 3 5 28 36 44 78 92 105 114 125 140 157 179 185 191 205 206 207 231 240 265 274 288 300 305 309 312 326 340 373 403 408
35 42 50 55 57 79 309 378 389
5 9 13 29 37 54 61 64 90 126 155 163 173 225 263 287 296 318 349 377 402
16 31 68 76 99 151 165 176 204 218 232 242 304 330 359 374
5 21 30 36 64 83 114 125 132 144 150 163 173 214 225 229 233 240 274 305 318 326 396
136 142 143 246 360
52 112 121 127 192 347 365 366
100 109 241 309 333 389 391 402
73 376
1 5 13 14 21 30 58 78 85 97 105 144 173 206 207 233 277 293 318 364 369
2 39 59 74 75 104 116 149 182 193 201 216 223 235 239 267 270 283 286 291 362 366 380 410
46 113 199 302
106
40 56 137 202 268 325 406
2 11 34 52 63 98 148 195 251 275 284 339 365
60 91 114 125 130 140 185 189 205 210 231 245 300 305 388 408
9 13 29 37 61 78 90 126 155 163 225 273 277 296 335
50 55 61 124
39 104 194 235 267 321 362 404 410
72 80 108 134 253 367
93 157 173 191 206 259 285 386
63 67 94 121 148 154 170 184 192 228 243 255 297 328 361
51 116 122 161 226 286 327 376
16 68 72 76 99 106 108 133 165 212 244 254 302 395
43 63 67 88 94 112 121 148 154 162 170 178 184 192 208 217 228 231 255 271 278 303 328
36 38 78 83 150 240 261 386
16 31 99 106 151 165 176 204 218 232 242 253 336
136 246 282 306 338
1 73 90 98 135 148 163 191 206 292 314 354 369
2 12 39 74 75 104 116 149 182 200 201 216 223 226 227 235 239 270 282 283 286 291 306 343 351 380 410
6 96
21 30 58 78 85 97 144 150 173 233 293 318 342
49 52 69 102 169 208 220 228 234 278 284 315 339 347
2 7 12 51 52 75 84 104 116 127 148 149 182 183 193 200 216 223 226 235 270 282 286 339 343 372 380 397
68 72 106 117 176 253 352
106 118 332 375
21 37 44 58 78 85 105 128 132 191 206 272 281 285 288 342 361 396
8 43 49 67 73 94 114 121 130 162 174 178 208 217 222 251 255 271 278 284 320 372 388
206 259 272 281
2 7 8 11 12 34 43 45 49 51 67 73 95 121 148 149 154 162 178 183 184 192 193 208 216 217 222 223 226 246 270 271 278 282 283 284 286 291 292 328 366 370 397
42 100 124 157 179 280 307 333 378 409
46 76 152 253 304 310 336 381
68 106 117 118 176 212 302 332 368
20 122 127 148 169 181 243 292 341 355
9 13 29 41 54 61 90 126 155 163 225 241 273 296 335
25 35 50 79 92 124 156 224 276 298 334 373 387 389
76 80 107 137 159 187 198 252 260 290 302 304 310 381 393
2 12 39 74 75 84 104 116 148 149 182 193 200 201 216 226 235 239 282 283 286 291 343 362 366 410
4 17 76 107 137 159 187 198 252 290 302 304 310 374 379 383
77 86 103 241 317
26 40 56 76 82 89 166 187 381 390
18 56 82 89 107 133 152 187 279 290 310 399
10 19 92 146 257
9 177 180 197 213 237 258 285 314 323 353 358 391 398
35 50 92 156 276 378
53 60 91 125 140 185 231 348 370
35 42 50 298 309 334 340 378
26 82 166 243 279 383
87 100 157 179 258 287 340 386
11 91 111 147 168 177 180 189 210 261 288 314 408
4 76 107 159 187 290 302 310 379
40 108 134 164 230
40 253 302 356
90 132 150 337 369
51 94 116 193 216 223 226 235 270 271 282 366 372
3 14 22 29 62 109 139 157 163 179 236 241 258 262 319 386
17 56 89 137 152 243 279 297 304 329 384
30 274
14 129 225 319
9 13 29 37 61 90 144 225 263 273 277 296 318 335 340
92 333
45 66 84 136 186 193 194 218 221 227 267 274 282 306 351
45 142 246
40 46 76 80 123 137 232 268 302 304 310 325 329 346
74 313
36 53 60 91 111 114 125 130 132 140 150 185 205 210 213 231 266 288 300 305 333 348 392
167 203 299 307 373
2 12 39 51 59 74 75 104 116 122 127 148 149 182 183 200 201 216 223 226 235 239 282 283 286 291 304 343 351 362 380
