1089
2 34
1 3 35
2 4 36
3 5 37
4 6 38
5 7 39
6 8 40
7 9 41
8 10 42
9 11 43
10 12 44
11 13 45
12 14 46
13 15 47
14 16 48
15 17 49
16 18 50
17 19 51
18 20 52
19 21 53
20 22 54
21 23 55
22 24 56
23 25 57
24 26 58
25 27 59
26 28 60
27 29 61
28 30 62
29 31 63
30 32 64
31 33 65
32 66
1 35 67
2 34 36 68
3 35 37 69
4 36 38 70
5 37 39 71
6 38 40 72
7 39 41 73
8 40 42 74
9 41 43 75
10 42 44 76
11 43 45 77
12 44 46 78
13 45 47 79
14 46 48 80
15 47 49 81
16 48 50 82
17 49 51 83
18 50 52 84
19 51 53 85
20 52 54 86
21 53 55 87
22 54 56 88
23 55 57 89
24 56 58 90
25 57 59 91
26 58 60 92
27 59 61 93
28 60 62 94
29 61 63 95
30 62 64 96
31 63 65 97
32 64 66 98
33 65 99
34 68 100
35 67 69 101
36 68 70 102
37 69 71 103
38 70 72 104
39 71 73 105
40 72 74 106
41 73 75 107
42 74 76 108
43 75 77 109
44 76 78 110
45 77 79 111
46 78 80 112
47 79 81 113
48 80 82 114
49 81 83 115
50 82 84 116
51 83 85 117
52 84 86 118
53 85 87 119
54 86 88 120
55 87 89 121
56 88 90 122
57 89 91 123
58 90 92 124
59 91 93 125
60 92 94 126
61 93 95 127
62 94 96 128
63 95 97 129
64 96 98 130
65 97 99 131
66 98 132
67 101 133
68 100 102 134
69 101 103 135
70 102 104 136
71 103 105 137
72 104 106 138
73 105 107 139
74 106 108 140
75 107 109 141
76 108 110 142
77 109 111 143
78 110 112 144
79 111 113 145
80 112 114 146
81 113 115 147
82 114 116 148
83 115 117 149
84 116 118 150
85 117 119 151
86 118 120 152
87 119 121 153
88 120 122 154
89 121 123 155
90 122 124 156
91 123 125 157
92 124 126 158
93 125 127 159
94 126 128 160
95 127 129 161
96 128 130 162
97 129 131 163
98 130 132 164
99 131 165
100 134 166
101 133 135 167
102 134 136 168
103 135 137 169
104 136 138 170
105 137 139 171
106 138 140 172
107 139 141 173
108 140 142 174
109 141 143 175
110 142 144 176
111 143 145 177
112 144 146 178
113 145 147 179
114 146 148 180
115 147 149 181
116 148 150 182
117 149 151 183
118 150 152 184
119 151 153 185
120 152 154 186
121 153 155 187
122 154 156 188
123 155 157 189
124 156 158 190
125 157 159 191
126 158 160 192
127 159 161 193
128 160 162 194
129 161 163 195
130 162 164 196
131 163 165 197
132 164 198
133 167 199
134 166 168 200
135 167 169 201
136 168 170 202
137 169 171 203
138 170 172 204
139 171 173 205
140 172 174 206
141 173 175 207
142 174 176 208
143 175 177 209
144 176 178 210
145 177 179 211
146 178 180 212
147 179 181 213
148 180 182 214
149 181 183 215
150 182 184 216
151 183 185 217
152 184 186 218
153 185 187 219
154 186 188 220
155 187 189 221
156 188 190 222
157 189 191 223
158 190 192 224
159 191 193 225
160 192 194 226
161 193 195 227
162 194 196 228
163 195 197 229
164 196 198 230
165 197 231
166 200 232
167 199 201 233
168 200 202 234
169 201 203 235
170 202 204 236
171 203 205 237
172 204 206 238
173 205 207 239
174 206 208 240
175 207 209 241
176 208 210 242
177 209 211 243
178 210 212 244
179 211 213 245
180 212 214 246
181 213 215 247
182 214 216 248
183 215 217 249
184 216 218 250
185 217 219 251
186 218 220 252
187 219 221 253
188 220 222 254
189 221 223 255
190 222 224 256
191 223 225 257
192 224 226 258
193 225 227 259
194 226 228 260
195 227 229 261
196 228 230 262
197 229 231 263
198 230 264
199 233 265
200 232 234 266
201 233 235 267
202 234 236 268
203 235 237 269
204 236 238 270
205 237 239 271
206 238 240 272
207 239 241 273
208 240 242 274
209 241 243 275
210 242 244 276
211 243 245 277
212 244 246 278
213 245 247 279
214 246 248 280
215 247 249 281
216 248 250 282
217 249 251 283
218 250 252 284
219 251 253 285
220 252 254 286
221 253 255 287
222 254 256 288
223 255 257 289
224 256 258 290
225 257 259 291
226 258 260 292
227 259 261 293
228 260 262 294
229 261 263 295
230 262 264 296
231 263 297
232 266 298
233 265 267 299
234 266 268 300
235 267 269 301
236 268 270 302
237 269 271 303
238 270 272 304
239 271 273 305
240 272 274 306
241 273 275 307
242 274 276 308
243 275 277 309
244 276 278 310
245 277 279 311
246 278 280 312
247 279 281 313
248 280 282 314
249 281 283 315
250 282 284 316
251 283 285 317
252 284 286 318
253 285 287 319
254 286 288 320
255 287 289 321
256 288 290 322
257 289 291 323
258 290 292 324
259 291 293 325
260 292 294 326
261 293 295 327
262 294 296 328
263 295 297 329
264 296 330
265 299 331
266 298 300 332
267 299 301 333
268 300 302 334
269 301 303 335
270 302 304 336
271 303 305 337
272 304 306 338
273 305 307 339
274 306 308 340
275 307 309 341
276 308 310 342
277 309 311 343
278 310 312 344
279 311 313 345
280 312 314 346
281 313 315 347
282 314 316 348
283 315 317 349
284 316 318 350
285 317 319 351
286 318 320 352
287 319 321 353
288 320 322 354
289 321 323 355
290 322 324 356
291 323 325 357
292 324 326 358
293 325 327 359
294 326 328 360
295 327 329 361
296 328 330 362
297 329 363
298 332 364
299 331 333 365
300 332 334 366
301 333 335 367
302 334 336 368
303 335 337 369
304 336 338 370
305 337 339 371
306 338 340 372
307 339 341 373
308 340 342 374
309 341 343 375
310 342 344 376
311 343 345 377
312 344 346 378
313 345 347 379
314 346 348 380
315 347 349 381
316 348 350 382
317 349 351 383
318 350 352 384
319 351 353 385
320 352 354 386
321 353 355 387
322 354 356 388
323 355 357 389
324 356 358 390
325 357 359 391
326 358 360 392
327 359 361 393
328 360 362 394
329 361 363 395
330 362 396
331 365 397
332 364 366 398
333 365 367 399
334 366 368 400
335 367 369 401
336 368 370 402
337 369 371 403
338 370 372 404
339 371 373 405
340 372 374 406
341 373 375 407
342 374 376 408
343 375 377 409
344 376 378 410
345 377 379 411
346 378 380 412
347 379 381 413
348 380 382 414
349 381 383 415
350 382 384 416
351 383 385 417
352 384 386 418
353 385 387 419
354 386 388 420
355 387 389 421
356 388 390 422
357 389 391 423
358 390 392 424
359 391 393 425
360 392 394 426
361 393 395 427
362 394 396 428
363 395 429
364 398 430
365 397 399 431
366 398 400 432
367 399 401 433
368 400 402 434
369 401 403 435
370 402 404 436
371 403 405 437
372 404 406 438
373 405 407 439
374 406 408 440
375 407 409 441
376 408 410 442
377 409 411 443
378 410 412 444
379 411 413 445
380 412 414 446
381 413 415 447
382 414 416 448
383 415 417 449
384 416 418 450
385 417 419 451
386 418 420 452
387 419 421 453
388 420 422 454
389 421 423 455
390 422 424 456
391 423 425 457
392 424 426 458
393 425 427 459
394 426 428 460
395 427 429 461
396 428 462
397 431 463
398 430 432 464
399 431 433 465
400 432 434 466
401 433 435 467
402 434 436 468
403 435 437 469
404 436 438 470
405 437 439 471
406 438 440 472
407 439 441 473
408 440 442 474
409 441 443 475
410 442 444 476
411 443 445 477
412 444 446 478
413 445 447 479
414 446 448 480
415 447 449 481
416 448 450 482
417 449 451 483
418 450 452 484
419 451 453 485
420 452 454 486
421 453 455 487
422 454 456 488
423 455 457 489
424 456 458 490
425 457 459 491
426 458 460 492
427 459 461 493
428 460 462 494
429 461 495
430 464 496
431 463 465 497
432 464 466 498
433 465 467 499
434 466 468 500
435 467 469 501
436 468 470 502
437 469 471 503
438 470 472 504
439 471 473 505
440 472 474 506
441 473 475 507
442 474 476 508
443 475 477 509
444 476 478 510
445 477 479 511
446 478 480 512
447 479 481 513
448 480 482 514
449 481 483 515
450 482 484 516
451 483 485 517
452 484 486 518
453 485 487 519
454 486 488 520
455 487 489 521
456 488 490 522
457 489 491 523
458 490 492 524
459 491 493 525
460 492 494 526
461 493 495 527
462 494 528
463 497 529
464 496 498 530
465 497 499 531
466 498 500 532
467 499 501 533
468 500 502 534
469 501 503 535
470 502 504 536
471 503 505 537
472 504 506 538
473 505 507 539
474 506 508 540
475 507 509 541
476 508 510 542
477 509 511 543
478 510 512 544
479 511 513 545
480 512 514 546
481 513 515 547
482 514 516 548
483 515 517 549
484 516 518 550
485 517 519 551
486 518 520 552
487 519 521 553
488 520 522 554
489 521 523 555
490 522 524 556
491 523 525 557
492 524 526 558
493 525 527 559
494 526 528 560
495 527 561
496 530 562
497 529 531 563
498 530 532 564
499 531 533 565
500 532 534 566
501 533 535 567
502 534 536 568
503 535 537 569
504 536 538 570
505 537 539 571
506 538 540 572
507 539 541 573
508 540 542 574
509 541 543 575
510 542 544 576
511 543 545 577
512 544 546 578
513 545 547 579
514 546 548 580
515 547 549 581
516 548 550 582
517 549 551 583
518 550 552 584
519 551 553 585
520 552 554 586
521 553 555 587
522 554 556 588
523 555 557 589
524 556 558 590
525 557 559 591
526 558 560 592
527 559 561 593
528 560 594
529 563 595
530 562 564 596
531 563 565 597
532 564 566 598
533 565 567 599
534 566 568 600
535 567 569 601
536 568 570 602
537 569 571 603
538 570 572 604
539 571 573 605
540 572 574 606
541 573 575 607
542 574 576 608
543 575 577 609
544 576 578 610
545 577 579 611
546 578 580 612
547 579 581 613
548 580 582 614
549 581 583 615
550 582 584 616
551 583 585 617
552 584 586 618
553 585 587 619
554 586 588 620
555 587 589 621
556 588 590 622
557 589 591 623
558 590 592 624
559 591 593 625
560 592 594 626
561 593 627
562 596 628
563 595 597 629
564 596 598 630
565 597 599 631
566 598 600 632
567 599 601 633
568 600 602 634
569 601 603 635
570 602 604 636
571 603 605 637
572 604 606 638
573 605 607 639
574 606 608 640
575 607 609 641
576 608 610 642
577 609 611 643
578 610 612 644
579 611 613 645
580 612 614 646
581 613 615 647
582 614 616 648
583 615 617 649
584 616 618 650
585 617 619 651
586 618 620 652
587 619 621 653
588 620 622 654
589 621 623 655
590 622 624 656
591 623 625 657
592 624 626 658
593 625 627 659
594 626 660
595 629 661
596 628 630 662
597 629 631 663
598 630 632 664
599 631 633 665
600 632 634 666
601 633 635 667
602 634 636 668
603 635 637 669
604 636 638 670
605 637 639 671
606 638 640 672
607 639 641 673
608 640 642 674
609 641 643 675
610 642 644 676
611 643 645 677
612 644 646 678
613 645 647 679
614 646 648 680
615 647 649 681
616 648 650 682
617 649 651 683
618 650 652 684
619 651 653 685
620 652 654 686
621 653 655 687
622 654 656 688
623 655 657 689
624 656 658 690
625 657 659 691
626 658 660 692
627 659 693
628 662 694
629 661 663 695
630 662 664 696
631 663 665 697
632 664 666 698
633 665 667 699
634 666 668 700
635 667 669 701
636 668 670 702
637 669 671 703
638 670 672 704
639 671 673 705
640 672 674 706
641 673 675 707
642 674 676 708
643 675 677 709
644 676 678 710
645 677 679 711
646 678 680 712
647 679 681 713
648 680 682 714
649 681 683 715
650 682 684 716
651 683 685 717
652 684 686 718
653 685 687 719
654 686 688 720
655 687 689 721
656 688 690 722
657 689 691 723
658 690 692 724
659 691 693 725
660 692 726
661 695 727
662 694 696 728
663 695 697 729
664 696 698 730
665 697 699 731
666 698 700 732
667 699 701 733
668 700 702 734
669 701 703 735
670 702 704 736
671 703 705 737
672 704 706 738
673 705 707 739
674 706 708 740
675 707 709 741
676 708 710 742
677 709 711 743
678 710 712 744
679 711 713 745
680 712 714 746
681 713 715 747
682 714 716 748
683 715 717 749
684 716 718 750
685 717 719 751
686 718 720 752
687 719 721 753
688 720 722 754
689 721 723 755
690 722 724 756
691 723 725 757
692 724 726 758
693 725 759
694 728 760
695 727 729 761
696 728 730 762
697 729 731 763
698 730 732 764
699 731 733 765
700 732 734 766
701 733 735 767
702 734 736 768
703 735 737 769
704 736 738 770
705 737 739 771
706 738 740 772
707 739 741 773
708 740 742 774
709 741 743 775
710 742 744 776
711 743 745 777
712 744 746 778
713 745 747 779
714 746 748 780
715 747 749 781
716 748 750 782
717 749 751 783
718 750 752 784
719 751 753 785
720 752 754 786
721 753 755 787
722 754 756 788
723 755 757 789
724 756 758 790
725 757 759 791
726 758 792
727 761 793
728 760 762 794
729 761 763 795
730 762 764 796
731 763 765 797
732 764 766 798
733 765 767 799
734 766 768 800
735 767 769 801
736 768 770 802
737 769 771 803
738 770 772 804
739 771 773 805
740 772 774 806
741 773 775 807
742 774 776 808
743 775 777 809
744 776 778 810
745 777 779 811
746 778 780 812
747 779 781 813
748 780 782 814
749 781 783 815
750 782 784 816
751 783 785 817
752 784 786 818
753 785 787 819
754 786 788 820
755 787 789 821
756 788 790 822
757 789 791 823
758 790 792 824
759 791 825
760 794 826
761 793 795 827
762 794 796 828
763 795 797 829
764 796 798 830
765 797 799 831
766 798 800 832
767 799 801 833
768 800 802 834
769 801 803 835
770 802 804 836
771 803 805 837
772 804 806 838
773 805 807 839
774 806 808 840
775 807 809 841
776 808 810 842
777 809 811 843
778 810 812 844
779 811 813 845
780 812 814 846
781 813 815 847
782 814 816 848
783 815 817 849
784 816 818 850
785 817 819 851
786 818 820 852
787 819 821 853
788 820 822 854
789 821 823 855
790 822 824 856
791 823 825 857
792 824 858
793 827 859
794 826 828 860
795 827 829 861
796 828 830 862
797 829 831 863
798 830 832 864
799 831 833 865
800 832 834 866
801 833 835 867
802 834 836 868
803 835 837 869
804 836 838 870
805 837 839 871
806 838 840 872
807 839 841 873
808 840 842 874
809 841 843 875
810 842 844 876
811 843 845 877
812 844 846 878
813 845 847 879
814 846 848 880
815 847 849 881
816 848 850 882
817 849 851 883
818 850 852 884
819 851 853 885
820 852 854 886
821 853 855 887
822 854 856 888
823 855 857 889
824 856 858 890
825 857 891
826 860 892
827 859 861 893
828 860 862 894
829 861 863 895
830 862 864 896
831 863 865 897
832 864 866 898
833 865 867 899
834 866 868 900
835 867 869 901
836 868 870 902
837 869 871 903
838 870 872 904
839 871 873 905
840 872 874 906
841 873 875 907
842 874 876 908
843 875 877 909
844 876 878 910
845 877 879 911
846 878 880 912
847 879 881 913
848 880 882 914
849 881 883 915
850 882 884 916
851 883 885 917
852 884 886 918
853 885 887 919
854 886 888 920
855 887 889 921
856 888 890 922
857 889 891 923
858 890 924
859 893 925
860 892 894 926
861 893 895 927
862 894 896 928
863 895 897 929
864 896 898 930
865 897 899 931
866 898 900 932
867 899 901 933
868 900 902 934
869 901 903 935
870 902 904 936
871 903 905 937
872 904 906 938
873 905 907 939
874 906 908 940
875 907 909 941
876 908 910 942
877 909 911 943
878 910 912 944
879 911 913 945
880 912 914 946
881 913 915 947
882 914 916 948
883 915 917 949
884 916 918 950
885 917 919 951
886 918 920 952
887 919 921 953
888 920 922 954
889 921 923 955
890 922 924 956
891 923 957
892 926 958
893 925 927 959
894 926 928 960
895 927 929 961
896 928 930 962
897 929 931 963
898 930 932 964
899 931 933 965
900 932 934 966
901 933 935 967
902 934 936 968
903 935 937 969
904 936 938 970
905 937 939 971
906 938 940 972
907 939 941 973
908 940 942 974
909 941 943 975
910 942 944 976
911 943 945 977
912 944 946 978
913 945 947 979
914 946 948 980
915 947 949 981
916 948 950 982
917 949 951 983
918 950 952 984
919 951 953 985
920 952 954 986
921 953 955 987
922 954 956 988
923 955 957 989
924 956 990
925 959 991
926 958 960 992
927 959 961 993
928 960 962 994
929 961 963 995
930 962 964 996
931 963 965 997
932 964 966 998
933 965 967 999
934 966 968 1000
935 967 969 1001
936 968 970 1002
937 969 971 1003
938 970 972 1004
939 971 973 1005
940 972 974 1006
941 973 975 1007
942 974 976 1008
943 975 977 1009
944 976 978 1010
945 977 979 1011
946 978 980 1012
947 979 981 1013
948 980 982 1014
949 981 983 1015
950 982 984 1016
951 983 985 1017
952 984 986 1018
953 985 987 1019
954 986 988 1020
955 987 989 1021
956 988 990 1022
957 989 1023
958 992 1024
959 991 993 1025
960 992 994 1026
961 993 995 1027
962 994 996 1028
963 995 997 1029
964 996 998 1030
965 997 999 1031
966 998 1000 1032
967 999 1001 1033
968 1000 1002 1034
969 1001 1003 1035
970 1002 1004 1036
971 1003 1005 1037
972 1004 1006 1038
973 1005 1007 1039
974 1006 1008 1040
975 1007 1009 1041
976 1008 1010 1042
977 1009 1011 1043
978 1010 1012 1044
979 1011 1013 1045
980 1012 1014 1046
981 1013 1015 1047
982 1014 1016 1048
983 1015 1017 1049
984 1016 1018 1050
985 1017 1019 1051
986 1018 1020 1052
987 1019 1021 1053
988 1020 1022 1054
989 1021 1023 1055
990 1022 1056
991 1025 1057
992 1024 1026 1058
993 1025 1027 1059
994 1026 1028 1060
995 1027 1029 1061
996 1028 1030 1062
997 1029 1031 1063
998 1030 1032 1064
999 1031 1033 1065
1000 1032 1034 1066
1001 1033 1035 1067
1002 1034 1036 1068
1003 1035 1037 1069
1004 1036 1038 1070
1005 1037 1039 1071
1006 1038 1040 1072
1007 1039 1041 1073
1008 1040 1042 1074
1009 1041 1043 1075
1010 1042 1044 1076
1011 1043 1045 1077
1012 1044 1046 1078
1013 1045 1047 1079
1014 1046 1048 1080
1015 1047 1049 1081
1016 1048 1050 1082
1017 1049 1051 1083
1018 1050 1052 1084
1019 1051 1053 1085
1020 1052 1054 1086
1021 1053 1055 1087
1022 1054 1056 1088
1023 1055 1089
1024 1058
1025 1057 1059
1026 1058 1060
1027 1059 1061
1028 1060 1062
1029 1061 1063
1030 1062 1064
1031 1063 1065
1032 1064 1066
1033 1065 1067
1034 1066 1068
1035 1067 1069
1036 1068 1070
1037 1069 1071
1038 1070 1072
1039 1071 1073
1040 1072 1074
1041 1073 1075
1042 1074 1076
1043 1075 1077
1044 1076 1078
1045 1077 1079
1046 1078 1080
1047 1079 1081
1048 1080 1082
1049 1081 1083
1050 1082 1084
1051 1083 1085
1052 1084 1086
1053 1085 1087
1054 1086 1088
1055 1087 1089
1056 1088
