1000
2 11 101
1 3 12 102
2 4 13 103
3 5 14 104
4 6 15 105
5 7 16 106
6 8 17 107
7 9 18 108
8 10 19 109
9 20 110
1 12 21 111
2 11 13 22 112
3 12 14 23 113
4 13 15 24 114
5 14 16 25 115
6 15 17 26 116
7 16 18 27 117
8 17 19 28 118
9 18 20 29 119
10 19 30 120
11 22 31 121
12 21 23 32 122
13 22 24 33 123
14 23 25 34 124
15 24 26 35 125
16 25 27 36 126
17 26 28 37 127
18 27 29 38 128
19 28 30 39 129
20 29 40 130
21 32 41 131
22 31 33 42 132
23 32 34 43 133
24 33 35 44 134
25 34 36 45 135
26 35 37 46 136
27 36 38 47 137
28 37 39 48 138
29 38 40 49 139
30 39 50 140
31 42 51 141
32 41 43 52 142
33 42 44 53 143
34 43 45 54 144
35 44 46 55 145
36 45 47 56 146
37 46 48 57 147
38 47 49 58 148
39 48 50 59 149
40 49 60 150
41 52 61 151
42 51 53 62 152
43 52 54 63 153
44 53 55 64 154
45 54 56 65 155
46 55 57 66 156
47 56 58 67 157
48 57 59 68 158
49 58 60 69 159
50 59 70 160
51 62 71 161
52 61 63 72 162
53 62 64 73 163
54 63 65 74 164
55 64 66 75 165
56 65 67 76 166
57 66 68 77 167
58 67 69 78 168
59 68 70 79 169
60 69 80 170
61 72 81 171
62 71 73 82 172
63 72 74 83 173
64 73 75 84 174
65 74 76 85 175
66 75 77 86 176
67 76 78 87 177
68 77 79 88 178
69 78 80 89 179
70 79 90 180
71 82 91 181
72 81 83 92 182
73 82 84 93 183
74 83 85 94 184
75 84 86 95 185
76 85 87 96 186
77 86 88 97 187
78 87 89 98 188
79 88 90 99 189
80 89 100 190
81 92 191
82 91 93 192
83 92 94 193
84 93 95 194
85 94 96 195
86 95 97 196
87 96 98 197
88 97 99 198
89 98 100 199
90 99 200
1 102 111 201
2 101 103 112 202
3 102 104 113 203
4 103 105 114 204
5 104 106 115 205
6 105 107 116 206
7 106 108 117 207
8 107 109 118 208
9 108 110 119 209
10 109 120 210
11 101 112 121 211
12 102 111 113 122 212
13 103 112 114 123 213
14 104 113 115 124 214
15 105 114 116 125 215
16 106 115 117 126 216
17 107 116 118 127 217
18 108 117 119 128 218
19 109 118 120 129 219
20 110 119 130 220
21 111 122 131 221
22 112 121 123 132 222
23 113 122 124 133 223
24 114 123 125 134 224
25 115 124 126 135 225
26 116 125 127 136 226
27 117 126 128 137 227
28 118 127 129 138 228
29 119 128 130 139 229
30 120 129 140 230
31 121 132 141 231
32 122 131 133 142 232
33 123 132 134 143 233
34 124 133 135 144 234
35 125 134 136 145 235
36 126 135 137 146 236
37 127 136 138 147 237
38 128 137 139 148 238
39 129 138 140 149 239
40 130 139 150 240
41 131 142 151 241
42 132 141 143 152 242
43 133 142 144 153 243
44 134 143 145 154 244
45 135 144 146 155 245
46 136 145 147 156 246
47 137 146 148 157 247
48 138 147 149 158 248
49 139 148 150 159 249
50 140 149 160 250
51 141 152 161 251
52 142 151 153 162 252
53 143 152 154 163 253
54 144 153 155 164 254
55 145 154 156 165 255
56 146 155 157 166 256
57 147 156 158 167 257
58 148 157 159 168 258
59 149 158 160 169 259
60 150 159 170 260
61 151 162 171 261
62 152 161 163 172 262
63 153 162 164 173 263
64 154 163 165 174 264
65 155 164 166 175 265
66 156 165 167 176 266
67 157 166 168 177 267
68 158 167 169 178 268
69 159 168 170 179 269
70 160 169 180 270
71 161 172 181 271
72 162 171 173 182 272
73 163 172 174 183 273
74 164 173 175 184 274
75 165 174 176 185 275
76 166 175 177 186 276
77 167 176 178 187 277
78 168 177 179 188 278
79 169 178 180 189 279
80 170 179 190 280
81 171 182 191 281
82 172 181 183 192 282
83 173 182 184 193 283
84 174 183 185 194 284
85 175 184 186 195 285
86 176 185 187 196 286
87 177 186 188 197 287
88 178 187 189 198 288
89 179 188 190 199 289
90 180 189 200 290
91 181 192 291
92 182 191 193 292
93 183 192 194 293
94 184 193 195 294
95 185 194 196 295
96 186 195 197 296
97 187 196 198 297
98 188 197 199 298
99 189 198 200 299
100 190 199 300
101 202 211 301
102 201 203 212 302
103 202 204 213 303
104 203 205 214 304
105 204 206 215 305
106 205 207 216 306
107 206 208 217 307
108 207 209 218 308
109 208 210 219 309
110 209 220 310
111 201 212 221 311
112 202 211 213 222 312
113 203 212 214 223 313
114 204 213 215 224 314
115 205 214 216 225 315
116 206 215 217 226 316
117 207 216 218 227 317
118 208 217 219 228 318
119 209 218 220 229 319
120 210 219 230 320
121 211 222 231 321
122 212 221 223 232 322
123 213 222 224 233 323
124 214 223 225 234 324
125 215 224 226 235 325
126 216 225 227 236 326
127 217 226 228 237 327
128 218 227 229 238 328
129 219 228 230 239 329
130 220 229 240 330
131 221 232 241 331
132 222 231 233 242 332
133 223 232 234 243 333
134 224 233 235 244 334
135 225 234 236 245 335
136 226 235 237 246 336
137 227 236 238 247 337
138 228 237 239 248 338
139 229 238 240 249 339
140 230 239 250 340
141 231 242 251 341
142 232 241 243 252 342
143 233 242 244 253 343
144 234 243 245 254 344
145 235 244 246 255 345
146 236 245 247 256 346
147 237 246 248 257 347
148 238 247 249 258 348
149 239 248 250 259 349
150 240 249 260 350
151 241 252 261 351
152 242 251 253 262 352
153 243 252 254 263 353
154 244 253 255 264 354
155 245 254 256 265 355
156 246 255 257 266 356
157 247 256 258 267 357
158 248 257 259 268 358
159 249 258 260 269 359
160 250 259 270 360
161 251 262 271 361
162 252 261 263 272 362
163 253 262 264 273 363
164 254 263 265 274 364
165 255 264 266 275 365
166 256 265 267 276 366
167 257 266 268 277 367
168 258 267 269 278 368
169 259 268 270 279 369
170 260 269 280 370
171 261 272 281 371
172 262 271 273 282 372
173 263 272 274 283 373
174 264 273 275 284 374
175 265 274 276 285 375
176 266 275 277 286 376
177 267 276 278 287 377
178 268 277 279 288 378
179 269 278 280 289 379
180 270 279 290 380
181 271 282 291 381
182 272 281 283 292 382
183 273 282 284 293 383
184 274 283 285 294 384
185 275 284 286 295 385
186 276 285 287 296 386
187 277 286 288 297 387
188 278 287 289 298 388
189 279 288 290 299 389
190 280 289 300 390
191 281 292 391
192 282 291 293 392
193 283 292 294 393
194 284 293 295 394
195 285 294 296 395
196 286 295 297 396
197 287 296 298 397
198 288 297 299 398
199 289 298 300 399
200 290 299 400
201 302 311 401
202 301 303 312 402
203 302 304 313 403
204 303 305 314 404
205 304 306 315 405
206 305 307 316 406
207 306 308 317 407
208 307 309 318 408
209 308 310 319 409
210 309 320 410
211 301 312 321 411
212 302 311 313 322 412
213 303 312 314 323 413
214 304 313 315 324 414
215 305 314 316 325 415
216 306 315 317 326 416
217 307 316 318 327 417
218 308 317 319 328 418
219 309 318 320 329 419
220 310 319 330 420
221 311 322 331 421
222 312 321 323 332 422
223 313 322 324 333 423
224 314 323 325 334 424
225 315 324 326 335 425
226 316 325 327 336 426
227 317 326 328 337 427
228 318 327 329 338 428
229 319 328 330 339 429
230 320 329 340 430
231 321 332 341 431
232 322 331 333 342 432
233 323 332 334 343 433
234 324 333 335 344 434
235 325 334 336 345 435
236 326 335 337 346 436
237 327 336 338 347 437
238 328 337 339 348 438
239 329 338 340 349 439
240 330 339 350 440
241 331 342 351 441
242 332 341 343 352 442
243 333 342 344 353 443
244 334 343 345 354 444
245 335 344 346 355 445
246 336 345 347 356 446
247 337 346 348 357 447
248 338 347 349 358 448
249 339 348 350 359 449
250 340 349 360 450
251 341 352 361 451
252 342 351 353 362 452
253 343 352 354 363 453
254 344 353 355 364 454
255 345 354 356 365 455
256 346 355 357 366 456
257 347 356 358 367 457
258 348 357 359 368 458
259 349 358 360 369 459
260 350 359 370 460
261 351 362 371 461
262 352 361 363 372 462
263 353 362 364 373 463
264 354 363 365 374 464
265 355 364 366 375 465
266 356 365 367 376 466
267 357 366 368 377 467
268 358 367 369 378 468
269 359 368 370 379 469
270 360 369 380 470
271 361 372 381 471
272 362 371 373 382 472
273 363 372 374 383 473
274 364 373 375 384 474
275 365 374 376 385 475
276 366 375 377 386 476
277 367 376 378 387 477
278 368 377 379 388 478
279 369 378 380 389 479
280 370 379 390 480
281 371 382 391 481
282 372 381 383 392 482
283 373 382 384 393 483
284 374 383 385 394 484
285 375 384 386 395 485
286 376 385 387 396 486
287 377 386 388 397 487
288 378 387 389 398 488
289 379 388 390 399 489
290 380 389 400 490
291 381 392 491
292 382 391 393 492
293 383 392 394 493
294 384 393 395 494
295 385 394 396 495
296 386 395 397 496
297 387 396 398 497
298 388 397 399 498
299 389 398 400 499
300 390 399 500
301 402 411 501
302 401 403 412 502
303 402 404 413 503
304 403 405 414 504
305 404 406 415 505
306 405 407 416 506
307 406 408 417 507
308 407 409 418 508
309 408 410 419 509
310 409 420 510
311 401 412 421 511
312 402 411 413 422 512
313 403 412 414 423 513
314 404 413 415 424 514
315 405 414 416 425 515
316 406 415 417 426 516
317 407 416 418 427 517
318 408 417 419 428 518
319 409 418 420 429 519
320 410 419 430 520
321 411 422 431 521
322 412 421 423 432 522
323 413 422 424 433 523
324 414 423 425 434 524
325 415 424 426 435 525
326 416 425 427 436 526
327 417 426 428 437 527
328 418 427 429 438 528
329 419 428 430 439 529
330 420 429 440 530
331 421 432 441 531
332 422 431 433 442 532
333 423 432 434 443 533
334 424 433 435 444 534
335 425 434 436 445 535
336 426 435 437 446 536
337 427 436 438 447 537
338 428 437 439 448 538
339 429 438 440 449 539
340 430 439 450 540
341 431 442 451 541
342 432 441 443 452 542
343 433 442 444 453 543
344 434 443 445 454 544
345 435 444 446 455 545
346 436 445 447 456 546
347 437 446 448 457 547
348 438 447 449 458 548
349 439 448 450 459 549
350 440 449 460 550
351 441 452 461 551
352 442 451 453 462 552
353 443 452 454 463 553
354 444 453 455 464 554
355 445 454 456 465 555
356 446 455 457 466 556
357 447 456 458 467 557
358 448 457 459 468 558
359 449 458 460 469 559
360 450 459 470 560
361 451 462 471 561
362 452 461 463 472 562
363 453 462 464 473 563
364 454 463 465 474 564
365 455 464 466 475 565
366 456 465 467 476 566
367 457 466 468 477 567
368 458 467 469 478 568
369 459 468 470 479 569
370 460 469 480 570
371 461 472 481 571
372 462 471 473 482 572
373 463 472 474 483 573
374 464 473 475 484 574
375 465 474 476 485 575
376 466 475 477 486 576
377 467 476 478 487 577
378 468 477 479 488 578
379 469 478 480 489 579
380 470 479 490 580
381 471 482 491 581
382 472 481 483 492 582
383 473 482 484 493 583
384 474 483 485 494 584
385 475 484 486 495 585
386 476 485 487 496 586
387 477 486 488 497 587
388 478 487 489 498 588
389 479 488 490 499 589
390 480 489 500 590
391 481 492 591
392 482 491 493 592
393 483 492 494 593
394 484 493 495 594
395 485 494 496 595
396 486 495 497 596
397 487 496 498 597
398 488 497 499 598
399 489 498 500 599
400 490 499 600
401 502 511 601
402 501 503 512 602
403 502 504 513 603
404 503 505 514 604
405 504 506 515 605
406 505 507 516 606
407 506 508 517 607
408 507 509 518 608
409 508 510 519 609
410 509 520 610
411 501 512 521 611
412 502 511 513 522 612
413 503 512 514 523 613
414 504 513 515 524 614
415 505 514 516 525 615
416 506 515 517 526 616
417 507 516 518 527 617
418 508 517 519 528 618
419 509 518 520 529 619
420 510 519 530 620
421 511 522 531 621
422 512 521 523 532 622
423 513 522 524 533 623
424 514 523 525 534 624
425 515 524 526 535 625
426 516 525 527 536 626
427 517 526 528 537 627
428 518 527 529 538 628
429 519 528 530 539 629
430 520 529 540 630
431 521 532 541 631
432 522 531 533 542 632
433 523 532 534 543 633
434 524 533 535 544 634
435 525 534 536 545 635
436 526 535 537 546 636
437 527 536 538 547 637
438 528 537 539 548 638
439 529 538 540 549 639
440 530 539 550 640
441 531 542 551 641
442 532 541 543 552 642
443 533 542 544 553 643
444 534 543 545 554 644
445 535 544 546 555 645
446 536 545 547 556 646
447 537 546 548 557 647
448 538 547 549 558 648
449 539 548 550 559 649
450 540 549 560 650
451 541 552 561 651
452 542 551 553 562 652
453 543 552 554 563 653
454 544 553 555 564 654
455 545 554 556 565 655
456 546 555 557 566 656
457 547 556 558 567 657
458 548 557 559 568 658
459 549 558 560 569 659
460 550 559 570 660
461 551 562 571 661
462 552 561 563 572 662
463 553 562 564 573 663
464 554 563 565 574 664
465 555 564 566 575 665
466 556 565 567 576 666
467 557 566 568 577 667
468 558 567 569 578 668
469 559 568 570 579 669
470 560 569 580 670
471 561 572 581 671
472 562 571 573 582 672
473 563 572 574 583 673
474 564 573 575 584 674
475 565 574 576 585 675
476 566 575 577 586 676
477 567 576 578 587 677
478 568 577 579 588 678
479 569 578 580 589 679
480 570 579 590 680
481 571 582 591 681
482 572 581 583 592 682
483 573 582 584 593 683
484 574 583 585 594 684
485 575 584 586 595 685
486 576 585 587 596 686
487 577 586 588 597 687
488 578 587 589 598 688
489 579 588 590 599 689
490 580 589 600 690
491 581 592 691
492 582 591 593 692
493 583 592 594 693
494 584 593 595 694
495 585 594 596 695
496 586 595 597 696
497 587 596 598 697
498 588 597 599 698
499 589 598 600 699
500 590 599 700
501 602 611 701
502 601 603 612 702
503 602 604 613 703
504 603 605 614 704
505 604 606 615 705
506 605 607 616 706
507 606 608 617 707
508 607 609 618 708
509 608 610 619 709
510 609 620 710
511 601 612 621 711
512 602 611 613 622 712
513 603 612 614 623 713
514 604 613 615 624 714
515 605 614 616 625 715
516 606 615 617 626 716
517 607 616 618 627 717
518 608 617 619 628 718
519 609 618 620 629 719
520 610 619 630 720
521 611 622 631 721
522 612 621 623 632 722
523 613 622 624 633 723
524 614 623 625 634 724
525 615 624 626 635 725
526 616 625 627 636 726
527 617 626 628 637 727
528 618 627 629 638 728
529 619 628 630 639 729
530 620 629 640 730
531 621 632 641 731
532 622 631 633 642 732
533 623 632 634 643 733
534 624 633 635 644 734
535 625 634 636 645 735
536 626 635 637 646 736
537 627 636 638 647 737
538 628 637 639 648 738
539 629 638 640 649 739
540 630 639 650 740
541 631 642 651 741
542 632 641 643 652 742
543 633 642 644 653 743
544 634 643 645 654 744
545 635 644 646 655 745
546 636 645 647 656 746
547 637 646 648 657 747
548 638 647 649 658 748
549 639 648 650 659 749
550 640 649 660 750
551 641 652 661 751
552 642 651 653 662 752
553 643 652 654 663 753
554 644 653 655 664 754
555 645 654 656 665 755
556 646 655 657 666 756
557 647 656 658 667 757
558 648 657 659 668 758
559 649 658 660 669 759
560 650 659 670 760
561 651 662 671 761
562 652 661 663 672 762
563 653 662 664 673 763
564 654 663 665 674 764
565 655 664 666 675 765
566 656 665 667 676 766
567 657 666 668 677 767
568 658 667 669 678 768
569 659 668 670 679 769
570 660 669 680 770
571 661 672 681 771
572 662 671 673 682 772
573 663 672 674 683 773
574 664 673 675 684 774
575 665 674 676 685 775
576 666 675 677 686 776
577 667 676 678 687 777
578 668 677 679 688 778
579 669 678 680 689 779
580 670 679 690 780
581 671 682 691 781
582 672 681 683 692 782
583 673 682 684 693 783
584 674 683 685 694 784
585 675 684 686 695 785
586 676 685 687 696 786
587 677 686 688 697 787
588 678 687 689 698 788
589 679 688 690 699 789
590 680 689 700 790
591 681 692 791
592 682 691 693 792
593 683 692 694 793
594 684 693 695 794
595 685 694 696 795
596 686 695 697 796
597 687 696 698 797
598 688 697 699 798
599 689 698 700 799
600 690 699 800
601 702 711 801
602 701 703 712 802
603 702 704 713 803
604 703 705 714 804
605 704 706 715 805
606 705 707 716 806
607 706 708 717 807
608 707 709 718 808
609 708 710 719 809
610 709 720 810
611 701 712 721 811
612 702 711 713 722 812
613 703 712 714 723 813
614 704 713 715 724 814
615 705 714 716 725 815
616 706 715 717 726 816
617 707 716 718 727 817
618 708 717 719 728 818
619 709 718 720 729 819
620 710 719 730 820
621 711 722 731 821
622 712 721 723 732 822
623 713 722 724 733 823
624 714 723 725 734 824
625 715 724 726 735 825
626 716 725 727 736 826
627 717 726 728 737 827
628 718 727 729 738 828
629 719 728 730 739 829
630 720 729 740 830
631 721 732 741 831
632 722 731 733 742 832
633 723 732 734 743 833
634 724 733 735 744 834
635 725 734 736 745 835
636 726 735 737 746 836
637 727 736 738 747 837
638 728 737 739 748 838
639 729 738 740 749 839
640 730 739 750 840
641 731 742 751 841
642 732 741 743 752 842
643 733 742 744 753 843
644 734 743 745 754 844
645 735 744 746 755 845
646 736 745 747 756 846
647 737 746 748 757 847
648 738 747 749 758 848
649 739 748 750 759 849
650 740 749 760 850
651 741 752 761 851
652 742 751 753 762 852
653 743 752 754 763 853
654 744 753 755 764 854
655 745 754 756 765 855
656 746 755 757 766 856
657 747 756 758 767 857
658 748 757 759 768 858
659 749 758 760 769 859
660 750 759 770 860
661 751 762 771 861
662 752 761 763 772 862
663 753 762 764 773 863
664 754 763 765 774 864
665 755 764 766 775 865
666 756 765 767 776 866
667 757 766 768 777 867
668 758 767 769 778 868
669 759 768 770 779 869
670 760 769 780 870
671 761 772 781 871
672 762 771 773 782 872
673 763 772 774 783 873
674 764 773 775 784 874
675 765 774 776 785 875
676 766 775 777 786 876
677 767 776 778 787 877
678 768 777 779 788 878
679 769 778 780 789 879
680 770 779 790 880
681 771 782 791 881
682 772 781 783 792 882
683 773 782 784 793 883
684 774 783 785 794 884
685 775 784 786 795 885
686 776 785 787 796 886
687 777 786 788 797 887
688 778 787 789 798 888
689 779 788 790 799 889
690 780 789 800 890
691 781 792 891
692 782 791 793 892
693 783 792 794 893
694 784 793 795 894
695 785 794 796 895
696 786 795 797 896
697 787 796 798 897
698 788 797 799 898
699 789 798 800 899
700 790 799 900
701 802 811 901
702 801 803 812 902
703 802 804 813 903
704 803 805 814 904
705 804 806 815 905
706 805 807 816 906
707 806 808 817 907
708 807 809 818 908
709 808 810 819 909
710 809 820 910
711 801 812 821 911
712 802 811 813 822 912
713 803 812 814 823 913
714 804 813 815 824 914
715 805 814 816 825 915
716 806 815 817 826 916
717 807 816 818 827 917
718 808 817 819 828 918
719 809 818 820 829 919
720 810 819 830 920
721 811 822 831 921
722 812 821 823 832 922
723 813 822 824 833 923
724 814 823 825 834 924
725 815 824 826 835 925
726 816 825 827 836 926
727 817 826 828 837 927
728 818 827 829 838 928
729 819 828 830 839 929
730 820 829 840 930
731 821 832 841 931
732 822 831 833 842 932
733 823 832 834 843 933
734 824 833 835 844 934
735 825 834 836 845 935
736 826 835 837 846 936
737 827 836 838 847 937
738 828 837 839 848 938
739 829 838 840 849 939
740 830 839 850 940
741 831 842 851 941
742 832 841 843 852 942
743 833 842 844 853 943
744 834 843 845 854 944
745 835 844 846 855 945
746 836 845 847 856 946
747 837 846 848 857 947
748 838 847 849 858 948
749 839 848 850 859 949
750 840 849 860 950
751 841 852 861 951
752 842 851 853 862 952
753 843 852 854 863 953
754 844 853 855 864 954
755 845 854 856 865 955
756 846 855 857 866 956
757 847 856 858 867 957
758 848 857 859 868 958
759 849 858 860 869 959
760 850 859 870 960
761 851 862 871 961
762 852 861 863 872 962
763 853 862 864 873 963
764 854 863 865 874 964
765 855 864 866 875 965
766 856 865 867 876 966
767 857 866 868 877 967
768 858 867 869 878 968
769 859 868 870 879 969
770 860 869 880 970
771 861 872 881 971
772 862 871 873 882 972
773 863 872 874 883 973
774 864 873 875 884 974
775 865 874 876 885 975
776 866 875 877 886 976
777 867 876 878 887 977
778 868 877 879 888 978
779 869 878 880 889 979
780 870 879 890 980
781 871 882 891 981
782 872 881 883 892 982
783 873 882 884 893 983
784 874 883 885 894 984
785 875 884 886 895 985
786 876 885 887 896 986
787 877 886 888 897 987
788 878 887 889 898 988
789 879 888 890 899 989
790 880 889 900 990
791 881 892 991
792 882 891 893 992
793 883 892 894 993
794 884 893 895 994
795 885 894 896 995
796 886 895 897 996
797 887 896 898 997
798 888 897 899 998
799 889 898 900 999
800 890 899 1000
801 902 911
802 901 903 912
803 902 904 913
804 903 905 914
805 904 906 915
806 905 907 916
807 906 908 917
808 907 909 918
809 908 910 919
810 909 920
811 901 912 921
812 902 911 913 922
813 903 912 914 923
814 904 913 915 924
815 905 914 916 925
816 906 915 917 926
817 907 916 918 927
818 908 917 919 928
819 909 918 920 929
820 910 919 930
821 911 922 931
822 912 921 923 932
823 913 922 924 933
824 914 923 925 934
825 915 924 926 935
826 916 925 927 936
827 917 926 928 937
828 918 927 929 938
829 919 928 930 939
830 920 929 940
831 921 932 941
832 922 931 933 942
833 923 932 934 943
834 924 933 935 944
835 925 934 936 945
836 926 935 937 946
837 927 936 938 947
838 928 937 939 948
839 929 938 940 949
840 930 939 950
841 931 942 951
842 932 941 943 952
843 933 942 944 953
844 934 943 945 954
845 935 944 946 955
846 936 945 947 956
847 937 946 948 957
848 938 947 949 958
849 939 948 950 959
850 940 949 960
851 941 952 961
852 942 951 953 962
853 943 952 954 963
854 944 953 955 964
855 945 954 956 965
856 946 955 957 966
857 947 956 958 967
858 948 957 959 968
859 949 958 960 969
860 950 959 970
861 951 962 971
862 952 961 963 972
863 953 962 964 973
864 954 963 965 974
865 955 964 966 975
866 956 965 967 976
867 957 966 968 977
868 958 967 969 978
869 959 968 970 979
870 960 969 980
871 961 972 981
872 962 971 973 982
873 963 972 974 983
874 964 973 975 984
875 965 974 976 985
876 966 975 977 986
877 967 976 978 987
878 968 977 979 988
879 969 978 980 989
880 970 979 990
881 971 982 991
882 972 981 983 992
883 973 982 984 993
884 974 983 985 994
885 975 984 986 995
886 976 985 987 996
887 977 986 988 997
888 978 987 989 998
889 979 988 990 999
890 980 989 1000
891 981 992
892 982 991 993
893 983 992 994
894 984 993 995
895 985 994 996
896 986 995 997
897 987 996 998
898 988 997 999
899 989 998 1000
900 990 999
