96
6 8 54 76 85
56
75
19
16 17 20 40 93
1 8 45 54 89
61
1 6 28 38 39 42 54 72
54 89 95
54
45 56 94
15
24 75
41 50
12 21 33 93
5
5
84
4 54
5
15 96
53 65 68
51
13
28
89
53
8 25 32 78 93
54 68 72
64
45 55 58
28
15
93
45
54
54
8 54
8 50
5 59 93
14 66 81 88
8
45 74
72
6 11 31 35 43 56 58 74 75 79 83
89
54
73 87 93
70
14 39 77
23 54 56 72 74
56
22 27 57 64 70
1 6 8 9 10 19 29 36 37 38 47 51 61 67 89 92 93
31
2 11 45 51 52 72 80 90
53
31 45
40
74
7 54 72 95
72
95
30 53 81 89
22 91
41 75
54
22 29
72
49 53
79
8 29 44 51 56 61 62 69 93
48
43 45 51 60
3 13 45 66
1
50
28
45 71
56
41 64
89
45
18 89
1
89
48
41
6 9 26 46 54 64 82 84 86
56
65
54
5 15 28 34 40 48 54 72
11
9 61 63
21
