258
1 2 3 4 5
1 2 3 4 6 7 10
1 2 3 5 6 8 11
1 2 4 5 7 9 12
1 3 4 5 8 9 13
2 3 6 10 11 14 16
2 4 7 10 12 15 17
3 5 8 11 13 18 20
4 5 9 12 13 19 21
2 6 7 10 14 15 22
3 6 8 11 16 18 23
4 7 9 12 17 19 24
5 8 9 13 20 21 25
6 10 14 16 22 26 30
7 10 15 17 22 27 31
6 11 14 16 23 26 32
7 12 15 17 24 27 33
8 11 18 20 23 28 34
9 12 19 21 24 29 35
8 13 18 20 25 28 36
9 13 19 21 25 29 37
10 14 15 22 30 31 38
11 16 18 23 32 34 39
12 17 19 24 33 35 40
13 20 21 25 36 37 41
14 16 26 30 32 42 44
15 17 27 31 33 43 45
18 20 28 34 36 46 48
19 21 29 35 37 47 49
14 22 26 30 38 42 50
15 22 27 31 38 43 51
16 23 26 32 39 44 52
17 24 27 33 40 45 53
18 23 28 34 39 46 54
19 24 29 35 40 47 55
20 25 28 36 41 48 56
21 25 29 37 41 49 57
22 30 31 38 50 51 58
23 32 34 39 52 54 59
24 33 35 40 53 55 60
25 36 37 41 56 57 61
26 30 42 44 50 62 66
27 31 43 45 51 63 67
26 32 42 44 52 62 68
27 33 43 45 53 63 69
28 34 46 48 54 64 70
29 35 47 49 55 65 71
28 36 46 48 56 64 72
29 37 47 49 57 65 73
30 38 42 50 58 66 74
31 38 43 51 58 67 75
32 39 44 52 59 68 76
33 40 45 53 60 69 77
34 39 46 54 59 70 78
35 40 47 55 60 71 79
36 41 48 56 61 72 80
37 41 49 57 61 73 81
38 50 51 58 74 75 82
39 52 54 59 76 78 83
40 53 55 60 77 79 84
41 56 57 61 80 81 85
42 44 62 66 68 86 88
43 45 63 67 69 87 89
46 48 64 70 72 90 92
47 49 65 71 73 91 93
42 50 62 66 74 86 94
43 51 63 67 75 87 95
44 52 62 68 76 88 96
45 53 63 69 77 89 97
46 54 64 70 78 90 98
47 55 65 71 79 91 99
48 56 64 72 80 92 100
49 57 65 73 81 93 101
50 58 66 74 82 94 102
51 58 67 75 82 95 103
52 59 68 76 83 96 104
53 60 69 77 84 97 105
54 59 70 78 83 98 106
55 60 71 79 84 99 107
56 61 72 80 85 100 108
57 61 73 81 85 101 109
58 74 75 82 102 103 110
59 76 78 83 104 106 111
60 77 79 84 105 107 112
61 80 81 85 108 109 113
62 66 86 88 94 119 121
63 67 87 89 95 120 122
62 68 86 88 96 121 123
63 69 87 89 97 122 124
64 70 90 92 98 135 137
65 71 91 93 99 136 138
64 72 90 92 100 137 139
65 73 91 93 101 138 140
66 74 86 94 102 117 119
67 75 87 95 103 118 120
68 76 88 96 104 123 125
69 77 89 97 105 124 126
70 78 90 98 106 133 135
71 79 91 99 107 134 136
72 80 92 100 108 139 141
73 81 93 101 109 140 142
74 82 94 102 110 115 117
75 82 95 103 110 116 118
76 83 96 104 111 125 127
77 84 97 105 112 126 128
78 83 98 106 111 131 133
79 84 99 107 112 132 134
80 85 100 108 113 141 143
81 85 101 109 113 142 144
82 102 103 110 114 115 116
83 104 106 111 127 129 131
84 105 107 112 128 130 132
85 108 109 113 143 144 145
110 114 115 116 146
102 110 114 115 117 146 150
103 110 114 116 118 146 151
94 102 115 117 119 150 158
95 103 116 118 120 151 159
86 94 117 119 121 158 166
87 95 118 120 122 159 167
86 88 119 121 123 166 168
87 89 120 122 124 167 169
88 96 121 123 125 160 168
89 97 122 124 126 161 169
96 104 123 125 127 152 160
97 105 124 126 128 153 161
104 111 125 127 129 147 152
105 112 126 128 130 148 153
111 127 129 131 147
112 128 130 132 148
106 111 129 131 133 147 154
107 112 130 132 134 148 155
98 106 131 133 135 154 162
99 107 132 134 136 155 163
90 98 133 135 137 162 170
91 99 134 136 138 163 171
90 92 135 137 139 170 172
91 93 136 138 140 171 173
92 100 137 139 141 164 172
93 101 138 140 142 165 173
100 108 139 141 143 156 164
101 109 140 142 144 157 165
108 113 141 143 145 149 156
109 113 142 144 145 149 157
113 143 144 145 149
114 115 116 146 150 151 174
127 129 131 147 152 154 175
128 130 132 148 153 155 176
143 144 145 149 156 157 177
115 117 146 150 158 174 178
116 118 146 151 159 174 179
125 127 147 152 160 175 180
126 128 148 153 161 176 181
131 133 147 154 162 175 182
132 134 148 155 163 176 183
141 143 149 156 164 177 184
142 144 149 157 165 177 185
117 119 150 158 166 178 186
118 120 151 159 167 179 187
123 125 152 160 168 180 188
124 126 153 161 169 181 189
133 135 154 162 170 182 190
134 136 155 163 171 183 191
139 141 156 164 172 184 192
140 142 157 165 173 185 193
119 121 158 166 168 186 194
120 122 159 167 169 187 195
121 123 160 166 168 188 194
122 124 161 167 169 189 195
135 137 162 170 172 190 196
136 138 163 171 173 191 197
137 139 164 170 172 192 196
138 140 165 171 173 193 197
146 150 151 174 178 179 198
147 152 154 175 180 182 199
148 153 155 176 181 183 200
149 156 157 177 184 185 201
150 158 174 178 186 198 202
151 159 174 179 187 198 203
152 160 175 180 188 199 204
153 161 176 181 189 200 205
154 162 175 182 190 199 206
155 163 176 183 191 200 207
156 164 177 184 192 201 208
157 165 177 185 193 201 209
158 166 178 186 194 202 210
159 167 179 187 195 203 211
160 168 180 188 194 204 212
161 169 181 189 195 205 213
162 170 182 190 196 206 214
163 171 183 191 197 207 215
164 172 184 192 196 208 216
165 173 185 193 197 209 217
166 168 186 188 194 210 212
167 169 187 189 195 211 213
170 172 190 192 196 214 216
171 173 191 193 197 215 217
174 178 179 198 202 203 218
175 180 182 199 204 206 219
176 181 183 200 205 207 220
177 184 185 201 208 209 221
178 186 198 202 210 218 222
179 187 198 203 211 218 223
180 188 199 204 212 219 224
181 189 200 205 213 220 225
182 190 199 206 214 219 226
183 191 200 207 215 220 227
184 192 201 208 216 221 228
185 193 201 209 217 221 229
186 194 202 210 212 222 230
187 195 203 211 213 223 231
188 194 204 210 212 224 230
189 195 205 211 213 225 231
190 196 206 214 216 226 232
191 197 207 215 217 227 233
192 196 208 214 216 228 232
193 197 209 215 217 229 233
198 202 203 218 222 223 234
199 204 206 219 224 226 235
200 205 207 220 225 227 236
201 208 209 221 228 229 237
202 210 218 222 230 234 238
203 211 218 223 231 234 239
204 212 219 224 230 235 240
205 213 220 225 231 236 241
206 214 219 226 232 235 242
207 215 220 227 233 236 243
208 216 221 228 232 237 244
209 217 221 229 233 237 245
210 212 222 224 230 238 240
211 213 223 225 231 239 241
214 216 226 228 232 242 244
215 217 227 229 233 243 245
218 222 223 234 238 239 246
219 224 226 235 240 242 247
220 225 227 236 241 243 248
221 228 229 237 244 245 249
222 230 234 238 240 246 250
223 231 234 239 241 246 251
224 230 235 238 240 247 250
225 231 236 239 241 248 251
226 232 235 242 244 247 252
227 233 236 243 245 248 253
228 232 237 242 244 249 252
229 233 237 243 245 249 253
234 238 239 246 250 251 254
235 240 242 247 250 252 255
236 241 243 248 251 253 256
237 244 245 249 252 253 257
238 240 246 247 250 254 255
239 241 246 248 251 254 256
242 244 247 249 252 255 257
243 245 248 249 253 256 257
246 250 251 254 255 256 258
247 250 252 254 255 257 258
248 251 253 254 256 257 258
249 252 253 255 256 257 258
254 255 256 257 258
