1036
16 19
740 741
57 449 452
812 813
434 435
268 269 1027
21 22 39
185 186 340 721
269 270 346
19 349 352
31 32 280 283
577 578 732
749 926 927
813 814 1027
714 715 799 826
1 21 24
22 23 198 201
27 28 349 350
1 10 20
19 23 24 28
7 16 25
7 17 25 42
17 20 25 29
16 20 25
21 22 23 24
30 31 200 201
18 32 33 357
18 20 29
23 28 30 33
26 29 34
11 26 34 259
11 27 34 358
27 29 34
30 31 32 33
39 52 55
99 100 179 560
189 239 240 323
44 45 136 139
7 35 42
43 44 54 55
45 46 198 199
22 39 43 46
40 42 47
38 40 47 119
38 41 47 204
41 42 47
43 44 45 46
52 53 57
67 68 93 493
115 116 125 154
53 54 75 78
35 48 56
48 51 56 60
40 51 56 119
35 40 56
52 53 54 55
3 48 60
61 452 484 487
64 75 88 91
53 57 61 64
58 60 65
66 67 486 487
68 69 88 89
59 60 65
61 64 66 69
62 65 70
49 62 70 494
49 63 70 95
63 65 70
66 67 68 69
85 86 99 563
100 101 103 182
78 106 109 120
81 82 97 111
51 59 79
80 81 90 91
82 83 106 107
51 73 79
75 78 80 83
76 79 84
74 76 84 98
74 77 84 113
77 79 84
80 81 82 83
71 93 94 564
71 96 97 102
89 90 94 96
59 63 92
63 87 92 95
76 87 92 98
59 76 92
88 89 90 91
49 85 95
85 87 95
68 89 93 94
86 87 98
74 86 98
81 90 96 97
36 71 102
36 72 102
72 102 111 112
86 99 100 101
72 114 115 184
108 109 116 124
107 108 112 114
73 77 110
77 105 110 113
104 105 110 117
73 104 110
106 107 108 109
74 101 113
101 105 113
82 107 111 112
103 105 117
50 103 117
50 104 117 127
108 114 115 116
122 136 149 152
44 54 120 122
73 119 123
125 126 149 150
118 119 123
120 122 124 126
104 123 127
50 121 127 156
121 123 127
116 124 125 126
179 180 185 724
186 187 189 343
176 177 210 233
160 161 180 187
146 147 160 183
161 162 164 192
139 167 170 205
142 143 158 172
38 118 140
141 142 151 152
143 144 167 168
38 134 140
136 139 141 144
137 140 145
135 137 145 159
135 138 145 174
138 140 145
141 142 143 144
132 154 155 184
132 157 158 163
150 151 155 157
118 121 153
121 148 153 156
137 148 153 159
118 137 153
149 150 151 152
50 146 156
146 148 156
125 150 154 155
147 148 159
135 147 159
142 151 157 158
131 132 163
131 133 163
133 163 172 173
147 160 161 162
133 175 176 195
169 170 177 209
168 169 173 175
134 138 171
138 166 171 174
165 166 171 178
134 165 171
167 168 169 170
135 162 174
162 166 174
143 168 172 173
164 166 178
130 164 178
130 165 178 212
169 175 176 177
36 128 181 725
128 131 181 188
179 180 182 183
72 181 184
132 181 184
103 146 182 183
8 128 188
8 129 188
129 131 188 191
180 185 186 187
37 129 191 345
193 194 226 239
187 189 192 193
133 191 195
190 191 195
190 195 233 234
164 192 193 194
255 256 265 298
199 200 216 219
17 41 202
41 197 202 204
26 197 202 259
17 26 202
198 199 200 201
207 216 228 231
45 199 205 207
134 204 208
210 211 228 229
203 204 208
205 207 209 211
165 208 212
130 206 212 235
206 208 212
177 209 210 211
240 241 243 326
219 246 249 260
222 223 237 251
197 203 220
221 222 230 231
223 224 246 247
197 214 220
216 219 221 224
217 220 225
215 217 225 238
215 218 225 253
218 220 225
221 222 223 224
190 236 237 242
229 230 234 236
203 206 232
206 227 232 235
217 227 232 238
203 217 232
228 229 230 231
130 194 235
194 227 235
210 229 233 234
226 227 238
215 226 238
222 230 236 237
37 190 242
37 213 242
213 242 251 252
226 239 240 241
213 254 255 328
248 249 256 264
247 248 252 254
214 218 250
218 245 250 253
244 245 250 257
214 244 250
246 247 248 249
215 241 253
241 245 253
223 247 251 252
243 245 257
196 243 257
196 244 257 267
248 254 255 256
262 280 293 296
31 200 260 262
214 259 263
265 266 293 294
258 259 263
260 262 264 266
244 263 267
196 261 267 300
261 263 267
256 264 265 266
6 340 341 1030
6 9 271
9 333 393 394
269 329 330 341
323 324 329 344
330 331 333
320 321 364 387
304 305 324 331
290 291 304 327
305 306 308 336
283 311 314 359
286 287 302 316
11 258 284
285 286 295 296
287 288 311 312
11 278 284
280 283 285 288
281 284 289
279 281 289 303
279 282 289 318
282 284 289
285 286 287 288
276 298 299 328
276 301 302 307
294 295 299 301
258 261 297
261 292 297 300
281 292 297 303
258 281 297
293 294 295 296
196 290 300
290 292 300
265 294 298 299
291 292 303
279 291 303
286 295 301 302
275 276 307
275 277 307
277 307 316 317
291 304 305 306
277 319 320 339
313 314 321 363
312 313 317 319
278 282 315
282 310 315 318
309 310 315 322
278 309 315
311 312 313 314
279 306 318
306 310 318
287 312 316 317
308 310 322
274 308 322
274 309 322 366
313 319 320 321
37 272 325 345
272 275 325 332
323 324 326 327
213 325 328
276 325 328
243 290 326 327
271 272 332
271 273 332
273 275 332 335
324 329 330 331
270 273 335
337 338 380 393
331 333 336 337
277 335 339
334 335 339
334 339 387 388
308 336 337 338
8 268 342 1031
268 271 342
340 341 343 344
129 342 345
272 342 345
189 323 343 344
9 433 434
351 352 435
351 416 417 433
10 18 353
18 353 415 417
347 348 353 436
10 347 353
349 350 351 352
412 413 430
357 370 373 419
361 370 382 385
27 355 358
32 357 359 361
278 358 362
364 365 382 383
356 358 362
359 361 363 365
309 362 366
274 360 366 389
360 362 366
321 363 364 365
394 408 409
373 400 403 426
376 377 391 405
355 356 374
375 376 384 385
377 378 400 401
355 368 374 422
370 373 375 378
371 374 379
369 371 379 392
369 372 379 407
372 374 379
375 376 377 378
334 390 391 396
383 384 388 390
356 360 386
360 381 386 389
371 381 386 392
356 371 386
382 383 384 385
274 338 389
338 381 389
364 383 387 388
380 381 392
369 380 392
376 384 390 391
270 334 396
270 367 396
396 405 406 408
380 393 394 395
409 410 412
402 403 413 427
401 402 406 410
368 372 404
372 399 404 407
398 399 404 414
368 398 404 429
400 401 402 403
369 395 407
395 399 407 411
377 401 405 406
367 395 411
367 397 411
397 399 411 414
406 408 409 410
354 397 414
354 398 414 432
402 410 412 413
350 419 421
348 423 424
348 350 418
417 420 421 424
355 415 422
418 422 426 428
415 418 422
373 419 420 421
416 430 431
416 418 425
424 427 428 431
368 420 429
398 425 429 432
420 425 429
403 426 427 428
354 423 432
423 425 432
413 427 430 431
346 348 436
5 346 436
5 347 436
351 433 434 435
507 508 569
581 665 666 738
718 719 721 1029
556 557 611 634
468 469 499
511 548 549 575
534 535 560 723
478 479 520 539
449 463 466
472 473 505 524
479 480 482 562
455 456 476 489
3 445 453
454 455 465 466
456 457 484 485
3 58 453
449 452 454 457
450 453 458
448 450 458 477
448 451 458 491
451 453 458
454 455 456 457
463 464 468
469 470 472 503
473 474 476 481
464 465 470 474
445 459 467
459 462 467 471
450 462 467 477
445 450 467
463 464 465 466
441 459 471
441 460 471
460 462 471 475
464 468 469 470
446 460 475 506
446 461 475
461 462 475 477
470 472 473 474
448 461 477
455 465 474 476
444 481 523 524
444 447 481
447 481 489 490
461 478 479 480
447 492 493 564
485 486 490 492
58 451 488
451 483 488 491
62 483 488 494
58 62 488
484 485 486 487
448 480 491
480 483 491
456 485 489 490
482 483 494
49 482 494
67 486 492 493
499 500 507
508 509 511 573
517 518 530 546
500 509 526 527
441 495 502
495 498 502 510
504 505 522 526
499 500 503 504
460 502 506
501 502 506
446 501 506 525
472 503 504 505
437 495 510
437 496 510
496 498 510 514
500 507 508 509
442 496 514 576
516 517 544 548
515 518 527 528
509 511 515 516
513 514 519
512 514 519
497 512 519 547
497 513 519 532
515 516 517 518
444 530 531 540
522 523 528 531
501 521 525 529
478 521 525
446 478 525
505 522 523 524
498 501 529
498 513 529
513 521 529 532
522 526 527 528
497 520 532
520 521 532
518 528 530 531
552 553 597 615
443 557 558 727
443 538 539 561
537 538 542 558
536 540 545 546
535 536 540
444 535 540
520 537 538 539
549 550 552 595
536 553 554 559
544 545 550 554
512 543 547 551
537 543 547
497 537 547
517 544 545 546
442 512 551
442 541 551
541 543 551 555
544 548 549 550
533 541 555 598
533 542 555
542 543 555
550 552 553 554
440 559 614 615
440 534 559
534 536 559
542 556 557 558
36 443 561 725
535 560 562 563
447 561 564
71 561 564
85 482 562 563
569 570 577
578 579 581 736
587 588 643 644
570 579 599 600
437 565 572
565 568 572 580
574 575 592 599
569 570 573 574
496 572 576
571 572 576
442 571 576 594
511 573 574 575
12 565 580
12 566 580
566 568 580 584
570 577 578 579
438 566 584 739
586 587 658 665
585 588 600 601
579 581 585 586
583 584 589
582 584 589
567 582 589 660
567 583 589 605
585 586 587 588
608 609 621 641
592 601 617 618
571 591 594 602
596 597 613 617
575 592 595 596
541 594 598
593 594 598
533 593 598 616
552 595 596 597
568 571 602
568 583 602
583 591 602 605
592 599 600 601
607 608 639 643
606 609 618 619
588 601 606 607
604 605 610
603 605 610
590 603 610 642
590 604 610 623
606 607 608 609
440 621 622 635
613 614 619 622
593 612 616 620
556 612 616
533 556 616
597 613 614 615
591 593 620
591 604 620
604 612 620 623
613 617 618 619
590 611 623
611 612 623
609 619 621 622
669 706 707 764
692 693 718 1035
629 630 719 726
651 652 678 697
647 648 663 682
626 652 653 720
626 633 634 727
632 633 637 653
631 635 640 641
630 631 635
440 630 635
611 632 633 634
644 645 647 661
631 648 649 654
639 640 645 649
603 638 642 646
632 638 642
590 632 642
608 639 640 641
567 603 646
567 636 646
636 638 646 650
639 643 644 645
628 636 650 664
628 637 650
637 638 650
645 647 648 649
627 654 681 682
627 629 654
629 631 654
637 651 652 653
666 667 669 762
675 676 688 704
658 667 684 685
582 657 660 668
662 663 680 684
587 658 661 662
636 660 664
659 660 664
628 659 664 683
647 661 662 663
438 582 668
438 655 668
655 657 668 672
658 665 666 667
624 655 672 765
674 675 702 706
673 676 685 686
667 669 673 674
671 672 677
670 672 677
656 670 677 705
656 671 677 690
673 674 675 676
627 688 689 698
680 681 686 689
659 679 683 687
651 679 683
628 651 683
663 680 681 682
657 659 687
657 671 687
671 679 687 690
680 684 685 686
656 678 690
678 679 690
676 686 688 689
710 711 785 803
625 715 716 1036
625 696 697 720
695 696 700 716
694 698 703 704
693 694 698
627 693 698
678 695 696 697
707 708 710 783
694 711 712 717
702 703 708 712
670 701 705 709
695 701 705
656 695 705
675 702 703 704
624 670 709
624 699 709
699 701 709 713
702 706 707 708
691 699 713 786
691 700 713
700 701 713
708 710 711 712
15 717 802 803
15 692 717
692 694 717
700 714 715 716
439 625 720
439 626 720
629 693 718 719
8 439 722 1031
721 723 724 726
443 722 725 727
128 722 725
179 560 723 724
626 722 727
534 630 723 726
732 733 740
741 742 744
754 755 857 858
733 742 766 767
12 728 735
728 731 735 743
737 738 759 766
732 733 736 737
566 735 739
734 735 739
438 734 739 761
581 736 737 738
2 728 743
2 729 743
729 731 743 747
733 740 741 742
729 748 749
750 751 754 916
753 755 767 768
742 748 751 753
744 747 752
13 744 752
745 752 926 929
745 747 752 756
748 749 750 751
746 747 756
730 745 756 918
730 746 756 772
751 753 754 755
775 776 835 836
759 768 787 788
734 758 761 769
763 764 780 787
738 759 762 763
655 761 765
760 761 765
624 760 765 782
669 762 763 764
731 734 769
731 746 769
746 758 769 772
759 766 767 768
774 775 850 857
773 776 788 789
755 768 773 774
771 772 777
770 772 777
757 770 777 852
757 771 777 793
773 774 775 776
796 797 809 833
780 789 805 806
760 779 782 790
784 785 801 805
764 780 783 784
699 782 786
781 782 786
691 781 786 804
710 783 784 785
758 760 790
758 771 790
771 779 790 793
780 787 788 789
795 796 831 835
794 797 806 807
776 789 794 795
792 793 798
791 793 798
778 791 798 834
778 792 798 811
794 795 796 797
15 809 810 827
801 802 807 810
781 800 804 808
714 800 804
691 714 804
785 801 802 803
779 781 808
779 792 808
792 800 808 811
801 805 806 807
778 799 811
799 800 811
797 807 809 810
4 952 953
4 14 815
14 910 911 1032
813 906 907 1014
861 898 899 921
884 885 910
821 822 911 1034
843 844 870 889
839 840 855 874
818 844 845 912
818 825 826 1036
824 825 829 845
823 827 832 833
822 823 827
15 822 827
799 824 825 826
836 837 839 853
823 840 841 846
831 832 837 841
791 830 834 838
824 830 834
778 824 834
796 831 832 833
757 791 838
757 828 838
828 830 838 842
831 835 836 837
820 828 842 856
820 829 842
829 830 842
837 839 840 841
819 846 873 874
819 821 846
821 823 846
829 843 844 845
858 859 861 919
867 868 880 896
850 859 876 877
770 849 852 860
854 855 872 876
775 850 853 854
828 852 856
851 852 856
820 851 856 875
839 853 854 855
730 770 860
730 847 860
847 849 860 864
850 857 858 859
816 847 864 922
866 867 894 898
865 868 877 878
859 861 865 866
863 864 869
862 864 869
848 862 869 897
848 863 869 882
865 866 867 868
819 880 881 890
872 873 878 881
851 871 875 879
843 871 875
820 843 875
855 872 873 874
849 851 879
849 863 879
863 871 879 882
872 876 877 878
848 870 882
870 871 882
868 878 880 881
902 903 994 1018
817 907 908
817 888 889 912
887 888 892 908
886 890 895 896
885 886 890
819 885 890
870 887 888 889
899 900 902 992
886 903 904 909
894 895 900 904
862 893 897 901
887 893 897
848 887 897
867 894 895 896
816 862 901
816 891 901
891 893 901 905
894 898 899 900
883 891 905 995
883 892 905
892 893 905
900 902 903 904
815 909 1017 1018
815 884 909
884 886 909
892 906 907 908
814 817 912
814 818 912
821 885 910 911
940 941 973
980 1006 1007
949 950 958 996
745 918 948 950
920 921 989 996
754 916 919 920
847 918 922
917 918 922
816 917 922 991
861 919 920 921
927 935 936
945 946 960 961
928 929 933 948
13 750 930
13 923 930
925 930 935 938
750 925 930
926 927 928 929
936 937 940
941 942 945 976
925 944 946 951
937 938 942 944
923 928 939
923 931 939
931 934 939 943
928 934 939
935 936 937 938
913 931 943
913 932 943
932 934 943 947
937 940 941 942
933 934 947
924 932 947 978
924 933 947
942 944 945 946
916 925 951
915 951 960 963
915 916 951
933 948 949 950
812 973 974
812 979 980
970 971 985 1002
965 966 974 979
961 962 965 977
966 967 970 983
915 969 971 998
962 963 967 969
924 949 964
924 956 964 978
956 959 964 968
949 959 964
960 961 962 963
955 956 968
955 957 968
957 959 968 972
962 965 966 967
958 959 972
954 957 972 986
954 958 972
967 969 970 971
913 952 975
952 955 975
973 974 976 977
932 975 978
956 975 978
945 961 976 977
953 955 982
914 953 982
984 985 1003 1006
979 980 983 984
957 982 986
981 982 986
954 981 986 1005
970 983 984 985
1011 1012 1024
989 997 1020 1021
917 988 991 998
993 994 1016 1020
921 989 992 993
891 991 995
990 991 995
883 990 995 1019
902 992 993 994
915 917 998
988 998 1002 1004
958 989 996 997
1007 1008 1011
1010 1012 1021 1022
1003 1004 1008 1010
954 997 1005
981 1001 1005 1009
997 1001 1005
985 1002 1003 1004
914 981 1009
914 999 1009
999 1001 1009 1013
1003 1006 1007 1008
1000 1001 1013
987 999 1013
987 1000 1013 1026
1008 1010 1011 1012
815 1024 1025
1016 1017 1022 1025
990 1015 1019 1023
906 1015 1019
883 906 1019
994 1016 1017 1018
988 990 1023
988 1000 1023
1000 1015 1023 1026
1016 1020 1021 1022
987 1014 1026
1014 1015 1026
1012 1022 1024 1025
6 14 1028
1027 1029 1030 1032
439 1028 1031 1033
268 1028 1031
340 721 1029 1030
814 1028 1033
1029 1032 1034 1035
818 1033 1036
625 1033 1036
692 822 1034 1035
