2113
464 698
15
1303
1388
627 2007 2025
165 1071 1265 1413 1568 1623 1761 1810 1849
17 305 536 790 1315 1545 2022
1081
80 803 1291 1304 1413 1463 1619 1623 1761
1504 1590
866 1335
1434
18 1176 2032 2089
312
2 954 1099 1136 1796 1910
1062 1356 1370 1540 1595
7 282 291 295 445 536 612 685 712 914 989 1303 1616 1738 2002 2010
13 38 52 87 162 179 198 216 218 300 313 343 396 414 420 433 457 471 554 583 605 614 619 654 656 688 705 805 858 864 895 900 923 1016 1022 1027 1040 1054 1090 1160 1165 1168 1176 1232 1234 1269 1285 1386 1407 1421 1431 1473 1507 1571 1592 1639 1646 1655 1666 1677 1744 1760 1808 1815 1821 1875 1877 1963 2018 2024 2032 2077 2089 2108
78 689 841 891 1510 1648
689
1428
155 1403
32 232 1356 1952 2083
71 142 246 247 283 331 376 386 429 534 535 557 696 747 947 989 1119 1198 1356 1476 1496 1536 1660 1745 1748 1958
139 261 386 532 534 785 1001
214 257
1249
703 967
429 1198
312 1253
104 172 187 209 274 281 306 402 408 434 543 664 860 936 977 1012 1024 1108 1110 1121 1245 1318 1400 1495 1518 1520 1577 1612 1707 1804 1807 1857 1890 1908 2007 2009 2070
23 53 153 199 205 232 234 280 394 476 516 557 593 619 734 764 817 820 857 874 888 896 943 1006 1106 1166 1328 1356 1444 1496 1536 1558 1572 1619 1661 1699 1738 1747 1800 1827 1840 1890 1952 1968 2016 2083
511
1554
1154
523 1733
780
18 80 179 274 540 587 609 619 652 720 806 842 851 913 945 1251 1360 1397 1431 1654 1808 1917 1976 2073 2093 2094
1850
492 594 842 1041 1167 1215
1158
1472
722
489 715
56 255 763 828 1519
484
265 617 648 896 1219 1264
614
54 80 135 477 747 803 1122 1485 1584 1619 1889
87 109 143 192 224 271 277 302 324 336 343 361 395 396 414 420 424 497 523 540 594 624 634 641 652 656 689 708 714 826 831 865 900 935 959 998 1022 1023 1027 1034 1040 1041 1054 1074 1090 1139 1167 1170 1183 1196 1230 1288 1301 1324 1376 1379 1473 1476 1500 1540 1571 1605 1636 1640 1646 1677 1690 1730 1757 1826 1877 1941 2008 2016 2026 2048 2053 2081 2089
1437
18 218 420 605 619 1027 1176 1404 1666 1808 1826 1980 2032
32 394 619 1356 1444 1738 1890 2083
49 294 477 637 826 1045 1049 1062 1119 1122 1190 1356 1485 1560 1780 1889
1643
45 138 306 378 423 472 495 610 740 751 985 1031 1297 1378 1400 1568 1687 1778 1808
228 294 408 547 747 946 968 989 1449 1593 1671 1780 1889 1950 2007
80 358 450 489 504 513 529 587 803 842 941 944 950 956 982 988 1155 1175 1206 1290 1378 1449 1537 1878 1902 2027
552
292 1215
865
1588 1801
155 715 1012 1977
188 612 908
828 1024 1115 1138 1723
523 1838
1201
1824
511
1759
24 534 1093 1198 1353 1858
367
749 1292
408
206 409 441 902 970 1006 1036 1046 1184 1618 1789
168 734 939 1069 1122 1502 1796 1910 1958
747
19 891
277
9 38 49 58 120 225 247 270 277 359 386 394 397 436 450 587 609 618 653 712 721 806 849 850 897 913 982 1007 1100 1149 1206 1290 1356 1384 1419 1439 1537 1623 1773 1786 1820 1824 1850 1866 1902 2096 2097
108 335 1682 2039
201 217 1708
559 1019 1373
1006 1471
821 1519 2090
279 1326
18 50 185 218 605 619 1027 1176 1404 1666 1808 1826 1980 2032 2108
703 929 967 1659
1404
229 295 318 371 429 464 483 557 698 992 1312 1440 1450 1727 1810 2097
451
374
368 570 650 775 982 1033 1178 1537
1590
186 259 342 351 502 600 654 930 942 967 1098 1195 1203 1451 1539 1599 1843
764 1536
1166
141 292 495 1962
155 402
495 1469
849 2097
939 947 1486 1513
224 2008
31 214 1301 1544 1857
986 1383
286 422
2078
81 214
50 277 343 708 826 1034 1196 1301 1376 1476 1500 1640 2008 2016
1123 2073
1673
462 473 930
1694
883 1078 1871
247 1129 1254
619
1121 2072
1218 1673
740 1849
80 605 982 987 1127 1392 1537 1850 1871 1928 2097
137 155 441 775 896 993 1046
1215
1263 1608
295 371 429 464 483 557 698 707 992 1071 1312 1657 1727 1810 1967 2045 2097
1814
253 305 649 760 1165 1206 1544 1793
555 734 1194 1457 1958
294 317 1024 1291 1761
1849
1041 1551 1645
518 1226 1347
912
1615 1892
783 1198
49 1186 1197 1662
286 922
121 206 277 352 409 441 500 902 970 982 1036 1046 1067 1184 1537 1618 1789 1850
56 1778
25 853
209 274 842 1245
98
24 968 989 1755 1825
50 351 356 394 465 540 591 594 619 634 652 694 714 784 889 960 1054 1167 1209 1236 1237 1487 1636 1730 1738 1852 1890 1920 2053
368
678
373 1095 1442 1599
689
372
451 716 867 1073 1354
224 1076 1778
547 1434
259 370 876 1656
32 394 619 943 1356 1444 1581 1738 1890 2083
646 1334 1817 1971 1992
22 63 99 121 169 173 220 246 268 284 306 320 343 352 364 393 402 415 464 500 598 614 641 722 729 824 871 890 913 978 985 993 1046 1056 1067 1082 1097 1110 1124 1127 1179 1184 1301 1347 1388 1470 1491 1612 1702 1703 1805 1807 1822 1890 1905 1908 1944 2007 2072
169
766 1483
594 2057
2081
987 1850
372 974 1167 2053
18 864 1027 1176 2032
1154
914 1889
6 253 386 411 482 513 593 821 1001 1253 1274 1291 1489 1496 1536 1537 1542 1568 1579 1623 1696 1761 1849 1913 2083
367
397 1566 1718
76 307 734 939 986 1122 1305 1485 1796 1889 1910 1950 1958
155 156 371 599 740 880 896 906 938 1025 1076 1097 1301 1488 1579 1804 1849 2061
996 1836 1986
509 605 1249 1480
31 255 608 1630 1804
155 977
647
884 1071 1180 1523 1623
619 1041 1551 1645
896 1316
623 837
18 38 223 246 248 343 386 448 543 605 609 614 619 647 658 698 861 873 1299 1360 1431 1489 1495 1524 1544 1579 1654 1808 1892 1939 1990
402
1013
286
634 1610
1492
87 209 420 654 656 805 864 1022 1040 1090 1160 1269 1386 1473 1571 1646 2018 2089
95
31 983 1516 1857 1890
64 241 248 908 1392 1596 1935
511
801 982 1175 1211 1274 1537 1958
1129
50 277 343 708 826 1034 1301 1324 1476 1500 1640 2016
242 634 1379 1916
689
511
319 1172 1631 1824 1847 1903
306 1024 1291 1533 1621 1623 1660 1810 1849 1866 1919
18 218 480 605 864 1090 1165 1176 1404 1666
32 394 619 1356 1738 1890 2083
1955
82 392 1708
1502
234 330 557 610 896 1006 1020 1496 1968
291 1303 1382 1444 2050
32
75 137 441 775 970 993 1789 1817
1152 1414 1643
312 1253 1913 2022 2105
31 140 185 306 385 464 715 913 1048 1121 1143 1400 1494 1857 1890 1911 1944 2072 2076
2063
513 1878
1554
565 619 1309 1518
26 104 108 219 253 305 447 760 887 952 1106 1165 1206 1430 1478 1535 1544 1682 1707 1793 1812 1898 2039
332
18 218 239 605 619 864 1027 1176 1196 1269 1404 1666 1808 1826 1980 2018 2024 2032
82 446 675 914 1415 1737 1749
18 52 87 198 216 294 317 343 420 543 583 654 656 864 900 1022 1027 1040 1090 1160 1168 1232 1285 1386 1421 1473 1507 1571 1646 1677 1744 1808 1877 1889 1990 2018 2085 2089 2108
214 253 305 760 1165 1206 1793 1812
155
1850
1230
179 246 251 386 619 658 698 1087 1489 1537 1579 1666 1808 1915 1939 1998 2072 2093
50 103 150 277 343 601 708 826 865 1034 1196 1282 1297 1301 1376 1476 1483 1500 1640 1778 2008 2016
80 722 996 1425 1906 1932
311 511 676 776 1351 2069
464 1056 1220 1698 1702
57 1671
90 291 472 483 586 719 769 853 1382 1450 1543 1781 1931 1946
476
2042
23 32 394 476 619 1356 1444 1738 1890 2083
1261
32 203 360 362 757 1138 1496 1968
1568
430 1817
360 547 637 1601 1638
1660
216 1090
1801
188 386 1935
193 253 362 521 525 543 614 619 647 698 823 840 911 1130 1290 1361 1379 1428 1431 1509 1518 1587 1601 1666 1707 1717 1804 1857 1862 1936 1955 2045 2047
342
523 1041 1211 1910
912 1014 1761 2083
24 155 179 223 262 306 393 443 464 494 833 893 913 989 1021 1301 1489 1494 1518 1533 1579 1745 1822 1837 1882 1939 1980 2025
24 80 115 296 310 314 418 475 547 632 637 897 986 1101 1122 1125 1129 1254 1356 1363 1582 1601 1960 1968
179 188 861 908 1596
378 1212
1618
223 454 793 880 1006 1590 1745 1761 1825 2072
559 1198 1319
126 165 214 219 242 305 362 447 513 603 760 952 1024 1165 1206 1253 1274 1291 1314 1377 1544 1578 1686 1754 1793 1797 1810 1812 1849 1857 1898 1913 2028 2047
320 715 1052 1163 1388 1405 1494 1890 2072
45 172 527 1804
259 1947
26 464 750
619 1041 1551 1645
95 152 256 302 309 326 343 351 458 495 551 607 610 661 740 814 822 967 985 1044 1080 1141 1222 1252 1365 1378 1568 1599 1695 1720 1770 1808 1881 1956 2031 2036
619 1041 1551 1645
25 2097
246 985 1378 1808
480 1785
1486
47 617 1219 1264
710 1784
1876
155 641 1018
1582
80 277 386 394 397 407 982 1378 1537 1850 2097
50 523 2003
1270 1579
1483 2006
31 38 140 281 842 1245 1271 1544 1654 1707 1890 2096
458
1201
50 79 80 109 137 192 224 270 324 336 343 361 386 424 497 624 708 826 831 865 944 959 982 987 998 1023 1034 1074 1149 1170 1196 1230 1288 1301 1324 1376 1378 1476 1500 1540 1605 1640 1690 1757 1799 1824 1826 1850 1866 2008 2016 2026 2048 2081 2097
408 1028 1197 1449
86 288 419 563 672 870 973 1092 1192 1326 1573 1594
32 394 619 1166 1356 1738 1890 2083
31 274 1245 1518 1890
17 1545
24 358 1356 1601 2091
155 1470
1754 1810 2007
106 136 182 351 369 422 508 791 804 864 1472 1599 2049 2054
302
279 1326
1130
614
17 204 229 295 325 586 612 668 846 1031 1303 1341 1382 1517 1709 1738 1867 1946 2095
60 98 1215
1379
54 57 128 218 317 408 747 751 826 837 839 946 989 1010 1051 1062 1186 1205 1305 1356 1434 1485 1566 1586 1593 1637 1660 1662 1671 1751 1889
17 90 124 291 371 372 386 429 464 483 536 557 562 612 668 698 708 712 992 1031 1292 1303 1312 1727 1738 1810 2010 2045 2097
247 712 1129
386 448 582 755 1408 1489
1427
1405
18 420 824 913 1400 1518 1707 1857
499 1044
50 259 287 343 495 592 594 610 634 689 714 740 870 940 985 1041 1167 1310 1365 1378 1381 1424 1568 1720 1730 1770 1787 1808
1495
1198
7 126 214 219 253 447 460 536 611 760 887 918 920 952 1028 1031 1165 1206 1321 1525 1535 1544 1545 1547 1775 1793 1812 1969 2002 2022
31 56 155 197 209 246 378 423 464 472 495 518 540 610 657 722 740 751 871 913 985 1031 1107 1293 1362 1378 1400 1443 1533 1568 1651 1654 1660 1768 1807 1808 1890 1919 1940 1997 2007 2072
168 555 734 939 1120 1482 1502 1796 1910 1958
614
259 1695
247 574 808 826 1083 1172 1202 1356 1456 1526 1638 1662 1780 1859 1908 2111
226 511
14 30 208 383 482 585 746 879 976 1845 1990 2022
18 864 1027 1176 1666 1980 2032
247 1122 1331 1395 1582 1968 2093
1307
915 1849
128 218 294 850 1586 2097
90
196
155 254 464 1163 1301 1388 1890 2072
703 967 1156
1636
564 1750
50 277 343 708 826 1034 1301 1476 1500 1640 2016
291
259 1770
740
600 631 677 706 1098 1203 1385 1454 1554 1565 1706 1726 1961
1444
203 1020 1536
24 436 547 611 723 989 1126 1144 1465
215 462 464 698 927 930 1167 1302 1454 1731 1904 1965
1841
619 1008 1041 1447 1544 1551 1554 1645 1770 1973
81
50 277 343 708 826 1034 1301 1476 1500 1640 1762 2008 2016
2088
1172
1924
2042
768 1801
95 243 690 1164 1203 1447 1472 1554 1730 1770 1843 2057
18 50 109 155 179 192 218 224 259 277 302 324 336 361 424 497 543 605 609 610 614 619 624 698 708 826 831 865 959 985 998 1023 1034 1074 1170 1196 1230 1288 1301 1324 1360 1376 1476 1500 1540 1605 1640 1666 1673 1690 1757 1777 1808 1826 1850 1871 1892 2008 2016 2026 2048 2081 2085
464 1400
1378
486 491
1404 1807
725 1454
1681
408 561 696 826 875 1122 1197 1485 1885 1889 2094
95 143 259 286 356 373 465 502 591 619 694 784 889 942 1196 1209 1451 1487 1498 1599 1846 1852 1890
137 155 441 500 775 993 1805
1031 1312
1796 1910
357 1532 2097
143 351 1209
355 1959
58 283 529 751 989 1313 1356 1449 1889 2091
80 731 1007 1123 1206 1378 1749 2073
234 237 408 968 1601 1958
50 277 343 708 826 865 1034 1196 1301 1476 1500 1640 2008 2016
234 242 253 757 764 1290 1496 1601 1637 1732 1739 1804 1857 1936 2045 2047
1850
155 1491 1977
2042
2066
72 166 1206 1417 1547 1793 1820
93 144 570 812 993 1033 1591
286
152 1047 1141 1493
90 124 169 295 372 429 464 476 483 557 698 740 880 992 1025 1070 1233 1292 1312 1376 1432 1579 1657 1727 1778 1810 1812 1970 2006 2045 2097
148 161 295 371 464 483 557 587 698 840 951 974 992 1217 1312 1620 1740 1809 1810 1991 2045 2097
146 351 492 864 1095 1442 1599 2079
92 714
778 982 1034 1182 1277 1431 1458 1684
24 1502
1336 2078
56 249 306 423 472 495 518 610 657 740 751 985 1031 1107 1212 1277 1293 1378 1400 1443 1568 1651 1808 1940 1997
1850
514
1643
632 712
312 1253
1846
209 695 913 1121 1626 1890 2062
24 25 80 165 179 223 241 270 277 295 297 394 397 448 450 482 612 712 944 982 1006 1007 1031 1175 1198 1206 1225 1256 1290 1299 1378 1399 1440 1537 1579 1738 1745 1850 2097
574
634 967 1011 1162 1164 1539 1941
1745
1801
1819
201
155 246 402 464 985 1301 1672 1702 1890 2072
32 53 80 143 153 199 232 270 280 386 476 516 619 795 817 820 857 874 888 943 982 1149 1166 1185 1225 1294 1328 1356 1378 1444 1558 1572 1661 1738 1747 1800 1824 1827 1840 1850 1866 1890 1952 2083 2097
50 1167
18 50 864 1027 1176 1877 2032
80 167 270 386 741 944 1103 1206 1276 1537 1566 1841 1892 1913 2097
1489 1596
1447
896
1433
31 99 155 180 393 464 596 722 860 871 909 913 936 977 1012 1122 1180 1204 1271 1404 1518 1609 1707 1768 1917 1977 2007
519
1347
1199
653
270 1850
31 57 74 278 294 350 360 475 485 648 696 751 790 807 826 850 1024 1028 1245 1305 1513 1582 1780 1817 1830 1872 1889 1936 1950
75 137 441 775 896 993 1817 1850
534 546 1928
165 800 996 1233 1291 1425 1445 1810 1836 1932
557 2045
639
18 50 654 1027 1176 1666 1808 1980 2032
155
1283
1153 1808
247 542 637 743 989 1437 1819 1825 1884
279
18 50 52 185 218 300 471 583 605 619 654 656 1027 1054 1176 1196 1404 1507 1646 1666 1808 1821 1826 1877 1963 1980 2032 2089
619 647 1215 1544 1808 1962
106 286 1505
56 306 378 472 495 610 740 751 985 1031 1071 1378 1400 1568 1808
50 277 343 708 826 1034 1196 1301 1476 1500 1640 2008 2016
1643
487 1013
1350 1363 1883
430 775 1817 1992
24 29 90 124 295 371 464 483 557 623 698 717 968 992 1144 1312 1450 1560 1566 1727 1810 2045 2097
236 428 975
811 852 1043 1066 1178
678
18 1027 1176 1666 1877 2032
31 464 543 1477 1895
1228 1431
80 331 647 982 1206 1290 1850
722 1233
622 1350 1518 1707 1883 2028
1345 1948
1146
75 121 137 206 352 409 775 896 902 970 1013 1036 1046 1067 1184 1545 1618 1753 1789 1817 1850
504
246 634 1489 1939
661 742 1610 2032
17 712 1559 1738
217 914 1031 1737 1776
214 253 305 649 760 952 1165 1206 1544 1793 1812
179 297 386 1669 1959
959
58 80 386 850 977 1314 1352 1824 1863 2097
91 149 511
1253 1845
1081
251 601 815 821 880 1135 1282 2072
1113
597 1673
18 864 1027 1176 2032
259 275 819 1656 1695 1927
1326
305 529 1545 1593 1783
1912
112 332 464 621 698 727 761 835 930 1167 1296 1375 1454 1694 1731
1225
1 90 124 155 209 227 246 257 295 306 320 332 344 371 372 393 402 429 434 462 483 484 486 543 557 664 698 715 722 733 750 930 985 992 1012 1081 1167 1220 1226 1292 1301 1312 1447 1454 1518 1575 1650 1681 1707 1716 1727 1731 1810 1822 1857 1890 1908 1912 1944 1948 2045 2072 2097
143 351 694 1248
698 848
592 1142
1989 2052
642 665 1309 1495
1591
18 420 1027 1176 1980 2032
56 229 306 378 423 495 518 610 685 740 769 853 985 1031 1107 1293 1378 1382 1400 1443 1568 1651 1808 1940 1997
112
515 1861
247 408 547 989 1825 2035
32 230 232 371 394 516 584 619 1025 1106 1328 1356 1444 1488 1738 1890 1952 2083
49 54 1560
1127
565 625 1079 1309 1346 1495
198 263 1554
561 875 1640
165 312 386 612 1246 1256 1489 1940
90 124 229 295 371 372 429 464 557 657 698 957 992 1292 1312 1352 1450 1727 1810 2045
46 464 698 930 1081 1167 1454 1731 1736
408 559 1045 1122
346 464 491 861
426 738 852 958 1013 1462 1545 1817
1554
44 58 687 1383 1786
614 641 1174 1210 1257 1750
346 486 861 1488
40 373
495 1951
246
56 98 100 259 302 306 378 423 472 493 518 610 657 740 751 818 837 985 1031 1107 1122 1140 1293 1310 1365 1378 1400 1443 1568 1651 1720 1732 1770 1780 1808 1811 1940 1997
1292
50 277 343 708 826 865 1034 1196 1301 1476 1500 1640 1690 2016
1134 1346
301
137 155 352 775 970 993 1036 1046 1067 1789 1805 1817
896
95 351 960 1163 1196
594
58 442 513
764 896 1207 1363 1496 1818
1225
648 1363
286
171
888
33 69 189 195 226 311 451 739 790 1315 1467 1802 2021 2082
908
58 165 211 253 504 664 782 1383 1568 1772 1810 1849 1878 1882 1977 2047 2091
380 781 844 1227 1926 2062
474 1861
32 394 476 619 1356 1444 1738 1890 2083
718 1454
131 306 378 472 495 610 740 751 985 1031 1378 1400 1402 1568 1808
403 1451 1667
1006 1020
242 522 634 1324 1379 1428 1717
521 1379 1782
36 50 66 244 271 540 689 1113 1183 1733 1787 2003
532 586 1946
242 634 1343 1379 1916
619 1041 1551 1645
255 828
1166
58 358 460 1028 1449 1525
1515 1768
605 1247 1480 1945
25 524 1382
561 1129 1690
24 25 71 410 548 612 712 1031 1356 1369 1512 1600 1617 1738
24
7 17 295 305 712 1028 1031 1303 1654 1660 1866
587
678
934 1807
38 50 143 306 523 594 634 689 714 752 1008 1041 1250 1251 1533 1599 1654 1730 2053
1750
418 1099
31 179 218 242 343 434 464 609 850 1431 1654 1719 1893
634
1502 1643
410 1392 1401 1617
57 151 237 247 331 475 558 747 989 1475 1660 1859
534
715 1012 1383
1537
259 607 1695
59 1086 1715 1955
881 1908
18 1027 1176 1666 1877 1980 2032
127 307
1666 1755 1825 2030
24 32 90 124 203 295 371 372 412 429 464 483 593 610 698 710 760 764 896 925 992 1006 1133 1268 1292 1312 1354 1433 1496 1536 1543 1590 1635 1727 1784 1810 1819 2016 2045 2056 2080 2097
547 747 1035 1574 1901
83 252 485 639 691 1319 1356 1434 1662 1780
1502
350 481 533 696 875 1597 2094
295 1312
279
323 917
213 479 1495
861 953 1324 1731 1785
1263 1978
1970
1277 1537 1666 1893
93 368 775 852
2008
614
619 1041 1171 1398 1544 1551 1645
310 387 1824 1914
798 1536 1543
703 967 1996
761
1388 1390
1977
614
1845
297 1074
18 218 420 605 1027 1176 1196 1404 1507 1666 1808 1980 2032
476 880 912 1052 1390 1463 1579 1779
312 1253
229 291 524 816 1303 1382 1444 1873 1979
38 58 80 372 537 636 675 832 840 937 1007 1206 1367 1602 1676 1688 1801 1850 2012
614 641
1099 1796 1819
1354
143 351 619 1890
302 467 1142 2053
32 165 557 896 1496 1504 1536 1968 2016
40 50 143 158 302 503 540 635 813 1157 1248 1710 1713 1730 1808 2057 2066
1594
402
456 1673
155 855 2007
169
95 328 858 1022 1203 1843 2032 2086 2089
224 454 1297 1483 1519 1778
1081
253 1544 1793 1995
897
18 52 87 120 171 179 198 216 343 420 531 583 609 654 656 698 764 783 864 900 985 1022 1040 1090 1160 1168 1188 1231 1232 1285 1386 1392 1421 1431 1473 1507 1571 1646 1654 1666 1673 1677 1696 1707 1744 1808 1877 1928 2018 2062 2089 2108
1121
259 551 822
172 1804
38 80 179 343 543 605 614 619 658 698 803 861 1163 1203 1211 1431 1509 1557 1654 1666 1730 1808 1892 1977
56 203 259 302 306 343 378 423 472 495 518 557 640 657 740 751 966 985 1020 1031 1107 1111 1172 1293 1310 1365 1378 1400 1443 1471 1496 1536 1568 1590 1651 1720 1732 1770 1808 1811 1940 1968 1997
305 331 1545
17 64 291 295 386 482 534 712 914 1031 1303 1525 1738 2010
658 1808
18 48 155 179 242 290 308 343 490 572 580 588 609 619 647 698 730 861 890 995 1005 1015 1064 1105 1174 1210 1257 1267 1346 1347 1360 1431 1463 1466 1495 1538 1544 1654 1666 1703 1707 1719 1750 1777 1790 1808 1850 1871 1886 1892 1905 2038 2065 2093
626 689
765
47 265 648 1264
80
18 32 38 52 53 87 116 143 153 176 179 199 213 216 223 232 242 258 260 280 334 343 351 394 420 421 476 516 526 573 591 609 614 654 656 673 698 735 777 817 820 842 857 861 864 873 874 888 889 900 943 1016 1022 1040 1041 1090 1106 1134 1160 1163 1166 1185 1203 1222 1232 1234 1285 1309 1323 1328 1356 1360 1386 1421 1431 1444 1473 1487 1495 1507 1518 1551 1558 1571 1572 1645 1646 1654 1661 1666 1738 1747 1795 1800 1808 1827 1840 1877 1890 1892 1899 1952 1953 2018 2062 2077 2083 2089 2108
1253 1845
462 903
438 1309 1768
178 429
50 277 343 826 1034 1301 1476 1640 2016
479 1350 1495
615 689 714 1480
5
1903
930
1198
328 927
247 382 712 1193 1601
2038
50 143 183 193 302 388 443 521 525 540 544 652 703 742 911 926 935 962 964 967 1011 1042 1075 1130 1162 1164 1167 1339 1379 1428 1530 1717 1941 1973
594
587
54 237 247 418 747 790 845 986 1091
756 1354
413 559 965 1616 1814
610
50 155 268 490 588 729 843 890 917 995 1466 1683 1703 1750 1905 1909 2053
469 1520
924 1724 1879
1028 1544
1504 1590
154 1545 1938 1971
174 179 242 421 436 614 698 860 1544 1636
47 408 507 617 747 841 1101 1470 1719
126 447
93 852
775
38 50 143 634 689 690 861 1236 1237 1730
80 406 1506 1799 1976
18 95 185 218 414 420 605 619 923 1027 1176 1232 1404 1421 1666 1677 1744 1808 2032
1000 1378
18 50 185 218 420 605 619 1027 1176 1404 1666 1808 1826 2032
306 378 483 495 610 740 751 985 1031 1378 1400 1568 1808
179 223 609 613 801 1249 1654
1251
1437 1819
259 444 1102 1196 1973
788 837 1504
747
31 464 513 913 1089 1108 1301 1320 1478 1518 1577 1707 1857 1878 1882 1890 1977 2059 2072
469 1064 1110 1346 1495 1707
967 1941
930 1167 1177 1731
291 295 1006 1382 1517 1537 2095
982
1185 1363
2031
279
619 1041 1544 1551 1645
1502
217 587 920 992 1303 1676 1688
226
328 706 742
145 432 538 1402 1404 2093
2008
838 1496
1253 1845
870 1594
1640 2008
1317
17 472 769 853 982 989 1291 1382 1444 1496
1052
489 986 1356
18 858
19 20 50 147 194 302 523 540 615 626 652 841 891 1167 1416 1510 1648 1719 1730 1741 1742 1941
342 652 942
559
1554 2053
1132 1196 1451
143 351 465 1098 1250 1310 1324 1487 1564 1610
385 1890
24 350 408 561 875 1356 1885 1987
1182 1684
1 90 124 179 223 242 295 332 343 371 372 429 462 464 466 483 484 557 605 609 614 619 647 861 863 883 930 961 972 992 1081 1100 1167 1192 1228 1292 1312 1360 1431 1447 1454 1544 1654 1666 1681 1727 1731 1808 1810 1892 1912 1948 2045 2092 2093 2097
1676
1346
803 1356 1619
1122
28 88 321 576 634 869 929 935 967 1026 1050 1446 1530 1598 1659 1941 2034 2088
1167 2043
18 1027 1176 1980 2032 2108
328 677
124 1810
50 109 192 224 277 295 324 336 343 361 424 497 712 826 831 865 959 998 1023 1031 1034 1074 1170 1196 1230 1288 1301 1303 1324 1376 1476 1500 1525 1540 1605 1640 1690 1757 1826 2008 2010 2016 2026 2048 2081
760 1321
266 557 732 748 859 1061 1784 2045
2053
17 80 295 296 382 386 445 534 536 612 632 708 1028 1031 1122 1129 1254 1303 1545 1617 1729 1749 2010
1363 1513 1638 1818
50 143 302 374 540 626 1167 1730 1928 2062
44 63 209 254 464 549 1012 1890
149 1851
429 1745
517
229 1382
38
80 850
43 155 225 306 402 437 464 933 1110 1233 1425 1944 1981
331 860
1480
348
866 1721 1913
462
1332 1948
155 641 1105 1503
614
359 1749 1935
710
464 1220
32 76 127 168 307 939 1006 1120 1172 1274 1482 1496 1796 1910 1958
619 864 1041 1134 1544 1551 1645 1795
1159
1225
487 1013
511
56 119 169 259 302 306 327 371 378 423 472 495 518 610 657 751 880 985 1025 1031 1107 1293 1310 1365 1378 1400 1443 1568 1579 1651 1770 1808 1940 1997
397
444 634 677 1500 1939
418
1502
1845
312 1253
24 49 57 77 294 547 558 637 648 663 751 769 896 1035 1045 1122 1127 1144 1266 1303 1356 1476 1485 1566 1583 1660 1671 1745 1755 1850 1859 1936 1978
710 1784
73 1688
257 464
56 294 306 358 378 408 423 495 518 610 657 740 747 985 1031 1107 1293 1378 1400 1443 1568 1651 1720 1755 1780 1808 1940 1997
540 1599
1736
1049 1356
297 1959
638
234 362 1371 1619
1759
1801
126 214 219 253 305 447 557 709 798 896 952 1165 1206 1321 1504 1536 1544 1686 1775 1793 1797 1812 1896 1898
462 577 847 994 1888 1894
1810
45
32 96 362 505 557 605 896 1006 1049 1104 1172 1311 1496 1696 1818 1928 1968
616 850
157 1023 1483
1379
341 1453 1525 1801 1887
229 472 685 747 957 1382 1833 1849
1903
1225
1590 1745
1122 1623
1965
93 121 206 352 409 428 441 500 570 651 795 812 902 970 975 1036 1046 1067 1184 1198 1389 1618 1789 1993
226
619 1041 1544 1551 1645
375 1182
963 989
37 1849
514
513 2091
134 605
143 351
25
1041
1163
662
1449
7 408 511 637 1259 1638
286
1058 1118 1127 1849 2074
251
1946
394 775 861 982 1007 1711 1897
1076 2046
1172
575 760 1536
1913
411 1932
190 658 1211 1431 1544 1673
1596
9 49 58 609 701 944 982 987 1175 1850 1871
286 991 1251 1924
18 185 1022 1027 1176 1666 1808 1826 2032
38 80 2001
408 1830
310
1755
1622
431 1043 1178
368 775
594
259 822
454
586 1666 1946
32 394 619 1356 1738 1890 1952 2083
495 1053 1464 1469 1751 1780 2085
458
32 394 619 1356 1444 1738 1890 2083
85 165 454 1579 1982
259 607 814 1695
242 1228
155 300 864 2018
912 1504
50 54 109 192 224 277 294 310 324 336 343 350 361 408 424 497 624 708 831 865 946 959 986 998 1010 1023 1034 1049 1074 1122 1170 1196 1197 1230 1288 1301 1305 1324 1376 1476 1485 1500 1513 1522 1540 1605 1640 1662 1690 1757 1780 1826 2008 2016 2026 2048 2062 2081
1965
45 65 527
1672 1944
985
50 277 343 708 826 1034 1196 1301 1476 1500 1640 2008 2016 2048
587
246
2044
462
1122 1344 1434 1485 1913
178 294 495 662 859 1356 1504 1745 2005
680 1129 1435 1496
294
242 372 587 1175 1290 1509 1708 1752 1808 1829 1955
19 648 689 907 1098 1470 1510 1610 1648 1731 1742 1972 2072
38 40 58 140 274 619 988 1400 1623 1977 2096
641
514
637 1091 1746 2045
291 1303
761 2112
466
80 101 1246 2101
80 317 408 450 543 721 765 956 1208 1290 1537 1766 1820 1850 1893 1902 1983 2035 2097
38 1397
431 487 570 650 1013 1043 1178
139 229 472 685 897
1428
598 1902 2097
1385 1785
32 394 619 1356 1738 1890 2083
18 600 688 1027 1176 1404 1646 1666 1808 1826 2032
710 837 1504
31 402 647 723 1110 1518 1707 1768 1857 1890 1944 1957
179 248 486 491 566 609 614 619 652 698 795 1062 1121 1356 1517 1554 1808 2053 2055
1303
698 883 1231
18 162 185 198 216 218 286 313 373 396 457 605 619 735 824 930 1022 1027 1054 1090 1134 1160 1176 1196 1234 1386 1404 1407 1646 1655 1666 1808 1826 1877 1980 2032 2108
50 61 224 277 343 361 497 708 826 998 1034 1074 1196 1230 1288 1301 1376 1476 1500 1540 1605 1640 1690 1761 1810 2008 2016 2026 2083
11 726 1721
149 1354 1697
1288 1605
703
279 302 682 1099 1167 1192 1594 1730 1943
155 306 402 1192 1437 1491 1518 1594 1707 1944 1977 2014
915 919 1468 1849
179 619 1348 1707 1808 1824 1908 2099
32 394 619 1356 1444 1738 1890 2083
350 481 561 696 1885 2094
152 1252
1824
880 2072
312 1253
169 251 371 454 584 740 878 1025 1087 1537 1579 1651 1779 1804 2006 2072
553
1813
114 698 863 972 1277
175
930
1291 1496 1605
214 305 1206 1544 1812
32 394 510 619 1169 1356 1444 1531 1738 1890 1952 2068 2083
143 351 619
155 614 641 1750
19 78 689 1843
2040
246
2034
18 1176
32 47 121 169 177 203 400 409 441 501 505 557 593 747 760 764 948 970 1006 1067 1127 1216 1263 1266 1496 1504 1536 1618 1653 1789 1798 1849 1850 1968 1985 2074
80 247 604 853
1411
1154
18 50 218 605 619 1027 1176 1404 1666 1808 1877 1980 2032
1502
75 137 441 775 993 1817
621
987 1850
1096 1127 1378 1922 2100
169
841 1098 1113 1196 1324 1451 1461
64 188 248 512 1935
402 977 1908
1041 1529 1551 1645
242 634 1030 1146 1244 1379 1428 1788
132 245 584 825 1390 1570 1999
38 80 155 209 246 300 306 385 402 664 1089 1121 1320 1400 1404 1494 1577 1768 1857 1890 1911
17 164 217 446 612 1031
316 872 1849
1400 1807
564 641
305 1165 1206 1544 1812
872
305 675 1746
1637
136
18 654 1027 1176 1666 1808 1980 2032
643
557 1433 1964 2045
634 967 1164 1941
332 631 1364 1454
1456
88 703 967 1050 1156
95 112 332 462 464 484 629 667 698 864 885 1081 1167 1296 1366 1375 1447 1454 1492 1585 1681 1731 1813 1912 1948 1965 1989
1700
1850
722
539 1103
50 634 703 967 1098 1310 1530 1731 1842 1941
31 402 1110 1426 1518 1707 1944 2068
587
169
76 102 168 307 734 1910
302
58
95 351 690 1134 1236 1473
32 153 394 619 1356 1738 1890 2083
58 277 386 397 803 1206 1290 1378 1537 1801 1824 1866
38 1214 2093
57 294 826 1010 1356 1434 1513 1660
24 102 989 1356 1486 1513
896
1636
58
372
214 253 305 447 760 1165 1206 1544 1616 1793 1812
566 2053
15 1136 1796
1310 1874
58 850 1007 1206 1290
483 769 1352 1583
487 1545 1817 1992
50 277 343 449 708 826 1034 1301 1324 1476 1500 1640 2016
143 502 1163 1730
698
634 967 1164 1338 1530 1941
779
634 967 1164 1941
639 1352
610 1053
28 88 95 259 321 388 576 634 666 703 926 929 935 962 964 1011 1042 1050 1075 1100 1162 1164 1196 1339 1446 1530 1598 1659 1842 1941 2034 2088
57 142 360 429 1144 1356 1560 1601 1662 1720 1825 2045
1472
75 137 206 441 500 775 896 993 1006 1036 1046 1789 1805 1817
1471 1496
698 883 1524 1803
279
161 372 1937
430 775 993
312 1253
31 173 402 450 909 1110 1314 1400 1863 1942
155
1387 2097 2100
1660
1172
58 80 93 120 137 190 270 277 375 386 394 436 669 685 795 803 1007 1149 1175 1206 1290 1378 1431 1537 1669 1719 1824 1850 1866 1902 1906 2035 2071 2097
187 1211 1320 1837
1643
56 155 259 262 302 306 343 378 393 423 464 472 495 518 605 610 657 740 751 830 1031 1107 1310 1365 1378 1400 1443 1568 1651 1720 1770 1808 1861 1890 1997 2007
105 168 247 637 687 826 1049 1356 1485 1513 1889
120 160 277 803 904 1103 1127 1279 1286 1290 1303 1347 1460 1537 1850
58 842
17 24 57 142 246 294 331 358 418 475 547 685 779 947 1125 1198 1394 1485 1496 1660 1662 1748 1958
1354 1614
804
90 124 295 371 372 429 464 483 557 675 698 1292 1312 1727 1749 1810 2013 2045 2097
121 155 206 352 368 409 500 902 970 975 1036 1046 1067 1184 1591 1618 1789 1805
761
614 641 1750
170 225 411 1425 1932
1378
50 277 343 708 826 865 1034 1196 1301 1476 1500 1640 2008 2016
1955
655 1378
25 165
1496
1995
1554
614
32 75 84 203 251 386 520 557 668 734 764 896 970 1120 1172 1225 1496 1517 1590 1619 1678 1732 1789 1825 2016 2080
80 359 386 587 795 956 982 1155 1206 1281 1290 1350 1707 1818 1854 2097
334 540 1599
1989
294 826 946 1197 1449 1522 1536 1637 1889 2080
388 634 967 1164 1941
31 63 402 464 549 715 1110 1301 1518 1707 2072
181 426 441 487 738 852 1462 1545
245 1225 1641 2005
614
18 619 1027 1176 1666 1808 2032 2089
1167
268 1750
83 1314 1373
203 330 520 610 1117 1471 1798
246 1518
18 50 185 218 600 605 619 805 864 1027 1040 1176 1196 1404 1473 1592 1646 1655 1666 1695 1795 1808 1826 1980 2032
50 277 343 708 766 826 1034 1196 1301 1476 1500 1640 2008 2016
31 65 128 197 253 408 1253 1291 1314 1426 1586 1754 1766 1810 1849 2047
169 371 476 740 880 1180 1376 1579 2006
703
18 50 52 87 162 216 218 313 396 414 420 433 457 471 554 583 654 656 705 805 858 864 900 923 1016 1022 1040 1054 1084 1090 1098 1160 1168 1176 1196 1232 1234 1269 1285 1324 1386 1407 1421 1473 1507 1571 1592 1639 1646 1655 1677 1731 1744 1808 1815 1821 1875 1877 1963 1980 2018 2024 2032 2077 2089 2108
278 305 408 529 536 644 712 1545 1738
1521 1541
911 1418
56 291 295 305 306 353 378 386 423 446 472 495 518 534 536 610 612 657 708 712 740 751 914 985 1107 1293 1303 1312 1378 1400 1443 1525 1545 1568 1651 1749 1808 1814 1864 1867 1890 1940 1997 2010
1750
93 368 1684
50 109 192 224 277 324 336 343 361 375 424 497 624 708 826 831 865 959 998 1023 1074 1170 1196 1230 1277 1288 1301 1324 1376 1476 1500 1540 1605 1640 1690 1757 1826 1860 1911 2008 2016 2026 2048 2081
558 747
75 137 441 500 775 970 993 1805 1817 1850
1427
1903
1233
18 50 185 218 605 619 1022 1027 1176 1404 1666 1808 1826 1980 2032
40 50 130 176 244 258 260 302 334 526 540 573 619 673 735 777 786 910 1134 1222 1251 1323 1529 1544 1551 1645 1795 1953 2053
634 967 1164 1941
431 811 852 1066 1178
259 301 1695
54 485 747 1051
75 121 137 155 441 500 775 970 993 1618 1753 1789 1805 1817 1850
370
209 1987
54 754 764 826 986 1122 1305 1485 1889 1928 1936 2062
703 929 967
294 1045 1485
254 584 686 1368 1388 1501 2084
818 966 2067
18 50 143 420 864 1027 1090 1176 1379 1730
1623
155 227 1702
1582
792
2062
1801
710
16 54 294 861 1122 1356 1370 1485 1662 1711 1780 1889 1897
1644 1861 2018
614 665
1946
431 1043 1178
137 155 441 500 775 896 993 1805 1850
1402 1489
76 1525
371
6 124 175 423 1288
1275
149
50 277 343 582 708 826 865 1034 1196 1301 1324 1476 1500 1640 1799 2008 2016
634 967 1164 1842 1941
150 169 796 1243 1297 1459 1982 2044 2046
1392 1801
114
479 1309 1518
259 1695
8 453 464 484 602 698 930 1167 1201 1447 1454 1567 1731
155
310
1027
1801
552
223 880 1382 1537 1745 1761 1946 2030 2060 2072
1253
664 913 1307 1518 1707 1768 1860 1984 2072
18 50 185 198 218 239 605 619 864 1027 1054 1176 1404 1571 1666 1808 1826 2032
637 845 2045
279
71
1379
146 373 1599 1927 2079
905
155 169
95 328 694 841 907 935 1027 1203 1250 1310 1324 1564 1730 1731
15 542 589 870 1261 1280 1393 1796
80 698 967 1544 1577 1890 1941 2035 2072
247 648 1638
661 1973
397 934 987 1680 1721 1913 1970
764
614 729 1503 1750
32 214 476 619 1356 1738 1890 2083
306 378 472 495 610 740 751 985 1031 1378 1400 1568 1808
31 664 1470 1518 1849 1883 2072
1310
31 155 665 722 860 936 977 1012 1479 1495 1518 1520 1612 1908 2072
610 1590
1147
455 523 907 1201 1733
2042
65 1138
1379
1020 1523 1968
792 1536 1543
24 54 1662 1745
307 734 1006
31 117 209 385 606 861 913 1857 2072
49 54 76 168 247 314 350 402 485 495 702 712 747 773 826 836 1049 1062 1197 1245 1305 1331 1356 1372 1434 1449 1485 1490 1523 1582 1623 1660 1780 1831 1872 1889 2045
110 359 1729 1749 2073
155
247 989 1425 1660
331 1144
120 155 478 747 792 896 905 987 1213 1273 1284 1290 1301 1303 1623 1625 1701 1761 1763 1810 1849 1850 1855 1922 1925 2074
1564
115 191 247 296 533 712 838 1254 1486 1647 1960
242 289 634 1379
1551 1645
693
557
498 619 735 864 942 1041 1544 1551 1644 1645
454
15 954 1796 1910
1251 1838
65 234 1115 1723
50
495
259 370 1484 1770
467 592 1218
209 1494 1807
331 429 747 968 1126 1755 2045
1517
440 911 1379
1112 1326
1801
80 277 394 982 1206
1375
1590
207
417
35 163 899 1502
58 1007 1206 1372 1860
321 929
594
41 1801
736 1300 1357 1643 1712 1756 1876
18 185 218 605 619 864 1027 1176 1404 1666 1808 1826 1980 2032
2062
388 634 967 1164 1941
254 320 502 609 619 787 960 1388 1495 1624 1808 2098
342 388 634 926 962 964 967 1011 1042 1075 1162 1339 1629 1770 1941
18 126 198 214 219 253 305 447 760 918 952 1206 1240 1544 1686 1768 1793 1797 1812 1898
32 97 280 394 528 619 1356 1444 1738 1890 2083
40 50 143 161 302 332 395 462 464 484 634 667 689 698 704 714 870 930 1017 1081 1275 1447 1454 1681 1730 1731 1787 1912 1941 1948
18 218 605 1027 1176 1404 1666 1808 1826 1980 2032 2089
888
50 277 343 708 826 1034 1301 1324 1476 1640 2016
573 1398
196 310 338 610 734 764 797 981 1006 1549 2016
2079
490 614
58 190 386 803 840 982 1206 1378 1537 1708
13 18 52 87 162 198 216 313 396 414 420 433 457 471 554 583 654 656 705 805 858 864 895 900 923 1016 1022 1027 1040 1054 1090 1160 1168 1232 1234 1269 1285 1386 1407 1421 1473 1507 1571 1592 1639 1646 1655 1677 1744 1760 1815 1821 1875 1877 1963 2018 2024 2032 2077 2089 2108
667
93 431 811 852 1043 1066
155
175 402 1025 1687
1489
375 697 778 1684
50 523 1283 1451 2011
75 137 155 441 775 993 1805 1817
394 619 670 1356 1444 1738 1755 1890 1962 2045 2083
135 294
1229
605 1480
1201
54
1353 1522 2019
279 698 870 871 1349 1437 1819
632
127 1958
95
50 109 216 224 277 343 351 361 420 424 497 502 583 661 693 708 826 831 864 865 907 967 998 1022 1023 1027 1034 1074 1230 1288 1301 1324 1376 1386 1451 1473 1476 1500 1540 1563 1571 1599 1640 1646 1690 1826 1966 2008 2016 2026 2081 2089
135 278 350 826 1010 1122 1245 1465 1475 1513 1671 1780 1950
24 29 71 134 252 304 386 630 775 989 1489 1537 1745 1791 2091 2103
405 1447
1807
67 276 1081 1113 1189
310
95 328 342 600 609 619 1098 1431 1730
402 1470
294 1796 1910 1958
58 80 126 214 219 253 305 359 367 386 397 436 447 587 760 887 918 944 952 956 982 1007 1149 1155 1165 1175 1290 1535 1544 1547 1719 1775 1786 1793 1812 1824 1850 1866 1898 1902 1969 2097
505 1363 1536
850 1893
143 351 356
490 614 1750
190 244 609 801 983
249 378
1127
945
40 60 122 292 421
896
372
118 1142 1673
47 265 1264
227 464 733 1226
1747
259 619 1041 1544 1551 1645
1449
1363 1818
386 394 463 506 737 771 1006 1014 1388 1850
131 464 1220 1402 1528 1777
514
435 698 823
1187 1955
50 222 277 343 708 826 865 1034 1196 1301 1476 1500 1640 1690 2008 2016
605 863
18 218 605 619 654 1027 1176 1404 1666 1808 1826 1980 2032
371 411 437 722 1039 1425 1556 1579 1603 1932 1981
18 619 864 1027 1176 1666 1808 1980 2032
1748
143 652 942 1237 1324 1610 2093
143 652 1236
1850
1299
1165 1880
1944
1502
1076
911
31 140 274 281 408 1122 1197 1258 1271 1305 1449 1604 1780 1890 2096
482 849 1452 1623 2101
531
465 594
27 171 658 1333 1514 1692 1801
540 694 1098 1599
38 540 659 804 1041 1137 1472
259 876 1695
30 165 208 253 383 452 585 620 681 746 879 976 1024 1088 1274 1555 1845 1849 1990 2047 2064
115 247 712 1129 1264
1876
386 482
490 614
1245 1356 1604 2096
790 1449
1871
233 1099 1819
1554
123 567 896 1541 1613 2109
47 265 617 1219 1254
6 1291
747 896 1356
614
557 1355
18 185 216 1027 1176 2032
272 1612
274 402 1245
1948
1127
165 190 253 734 1253 1516 1761 2083
1072 1167 1681
397 1970
375 378 569 883 1034 1360 1666 1680 1871 1976
1624
987 1850
1099
1007 1350 1518 1707 2097
224 454 1288 1376
416 1183
1127
18 218 605 619 1027 1176 1404 1666 1808 1826 1980 2032 2089
987 1850
1504 1590
50 277 343 708 826 865 868 1034 1071 1196 1282 1301 1376 1476 1500 1640 2008 2016
1857 1911
58 80 242 362 386 436 840 850 944 956 982 987 1007 1127 1206 1378 1481 1537 1601 1708 1804 1850 1857 1871 1936 2047 2097
9 128 165 197 253 411 685 886 1024 1265 1308 1330 1378 1413 1568 1578 1669 1810 1849 2006 2028
73 295 371 464 483 496 557 698 992 1312 1810 1955 1991 2045 2097
306 378 472 495 610 740 751 1031 1378 1400 1568 1808
394
1752
462 930 1689
56 224 601 1076 1483 1519 1778 1982
1566 1870
179 386 1239 1489 1537 1871
1159
50 104 109 155 169 192 224 246 277 320 324 336 343 361 393 424 464 497 624 664 708 826 831 865 959 998 1012 1023 1034 1074 1127 1170 1196 1230 1288 1324 1376 1400 1476 1500 1540 1544 1605 1640 1690 1757 1768 1826 1857 1911 1942 1977 2007 2008 2016 2026 2048 2072 2081
332
3 17 204 291 295 536 586 612 675 708 712 747 846 862 987 1031 1127 1341 1545 1709 1738 1850 1871 1946 2010 2095
9 1463
168 294 408 826 1049 1122 1245 1485 1660 1662 1872
1502
315 1089 1929
1291
213 469 479 619 622 1079 1495 1518 1707
302 495 610 694 740 935 955 985 1098 1109 1365 1378 1568 1610 1695 1720 1770 1808 1941 2015
764 1433
90 124 295 353 371 372 429 464 483 557 562 698 992 1031 1292 1727 1810 2045 2097
358 1662
253 450 977 1019 1024 1611 1810
7 511
177
684 1472
31 1427 1768 1857 2062
252 559 1497 1745
664 913 983 1494 1516
305 709 760
1390
619 1041 1544 1551 1645
50 192 277 343 521 566 694 708 826 907 959 1027 1034 1074 1098 1170 1196 1236 1301 1476 1500 1540 1564 1594 1605 1640 1690 1731 1826 2008 2016 2081
1850
86 279 288 459 1147 1594 1628 1700
1694
32 394 476 619 1356 1444 1738 1890 2083
1534 1710
1291 1496
314 1122
728
1249
154 1791 1971
11 1970
377
1587
962
634 967 1164 1941
1871
291 1303 1517 1738
1378
525
836 1566 2033 2075
439
479 498 614 665 700 1431 1808 2000
131 155 404 614 987 1359 1402 1915 2087 2106
873 1908
1192
427 438 625 1007 1281 1363 1518 1707 1818 1883
226
450 483 957 965 1373 1517
71 1191 1597
149 557 590 638 867 990 1792 2045 2051
1268 1825
16 23 24 32 53 54 80 153 199 232 247 280 283 294 310 358 394 476 516 534 559 619 687 696 701 747 754 817 820 837 857 861 874 888 943 946 947 968 986 1062 1106 1122 1166 1185 1258 1266 1328 1370 1444 1449 1464 1465 1485 1558 1572 1601 1604 1661 1662 1720 1738 1745 1747 1755 1800 1825 1827 1840 1890 1936 1952 1958 2035 2083 2104
1159
1908
1347
38 179 343 614 619 698 1277 1431 1666 1808
242
306 1654
247 427 505 507 670 713 1207 1224 1350 1518 1601 1638 1707 1818 1883
927
259 302 495 610 740 985 1310 1378 1568 1720 1808 1874 2036
930
587
1052
534
16 1062 1356 1690
757 2091
1122 1155
83 1019 1352
1502 1679 1690 2008
462 930 1150
50 109 224 277 343 371 708 826 865 1025 1034 1196 1282 1288 1301 1476 1500 1640 2006 2008 2016
253 1544 1793 1967 1995
56 58 259 262 270 277 302 306 345 359 378 386 394 423 472 495 518 610 655 657 740 751 905 944 982 985 997 1000 1031 1107 1175 1290 1291 1293 1310 1342 1365 1400 1408 1410 1443 1537 1568 1651 1708 1720 1770 1773 1808 1824 1850 1940 1997 2097
50 193 242 293 521 522 525 634 767 911 1054 1094 1116 1130 1146 1428 1717 1730 1832 1933
1696
302
204 229 291 472 532 586 668 685 719 769 1087 1444 1517 1537 1745 1761 1781 1931 1946 1992 2030
105 489 513 549 1849
80
328 856 1554 1900
18 185 218 605 619 864 1027 1176 1196 1404 1666 1808 1826 1980 2032
979
4 155 254 320 578 1052 1163 1225 1405 1890
775
578 584 912 1322
1874
120 188 546 605 1077 1801
1099
989 1485
314 1755
2007
38 851
573 1171
386 2071 2110
31 56 209 300 306 344 378 423 472 495 518 610 657 740 751 842 913 916 977 985 1031 1107 1293 1301 1378 1443 1494 1568 1651 1808 1857 1890 1940 1977 1997 2072 2091
546
518 678 1068 1226 1347 1666 2003
22
52 87 89 198 216 347 402 420 583 654 656 678 858 864 900 913 1022 1040 1090 1160 1168 1232 1285 1386 1421 1473 1507 1519 1571 1609 1623 1644 1646 1677 1744 1807 1877 2018 2072 2089 2108
254 299 1388 1552 1634 1839
1730
18 864 1027 1176 1666 2032
297 1378
1502
1378 1808
898 1622 1989
1695
6 9 1291 1623 1696 1810
207
217
689
367 1722
1030
80
1801
18 218 605 619 654 1027 1176 1404 1666 1808 1826 1980 2032
1903
2078
302
225 411 722 996 1125 1233 1445 1836 1932
936 1024
298 1037 1318 1557 1845 1990 2059
21 242 521 634 854 911 1379
1613
214
18 38 179 242 375 435 543 605 609 614 619 698 801 982 1203 1346 1360 1551 1557 1666 1713 1730 1808 2003 2071
371 1743
401 557 925 1311 2045
12 151 294 559 836 946 1122 1485 1566 1889
838
1536 1590
51 418 660 871 1192 1835 1884
1502
80
90 386
2006
146 373
306 378 472 495 610 740 751 985 1031 1378 1400 1568 1808
32 53 153 204 232 329 394 476 516 586 619 685 820 874 888 1166 1185 1328 1356 1382 1738 1747 1840 1890 1946 2083
411 1425 1932
703 967
334 342 399 464 698 930 1081 1167 1199 1454 1554 1681 1725 1731 1759 1770 2040
2097 2110
57 58 278 358 529 789 1010 1122 1223 1245 1259 1356 1457 1513 1584 1601 1637 1780 2091
90 229 429 483 1922 1940
95 351 519 693 907 1183 1196 1966 2063
1246
768 1801
328 332 348 462 464 484 517 698 927 930 1081 1167 1447 1510 1681 1731 1912 1948 1965 2040 2092
1871
310 928
127 1449 1958
375
1076
987 1850
907
487 1013
9 584 614 1304 1557
818 1356
331 1197 1356
614 641 1731 1750
511
872
100 818
155 284 648 841 1108 1204 1630 1719 1862 1944
84 610 971 1020 1523 2056
42 286 342 969 1251 1317
18 50 185 218 605 619 942 1022 1027 1176 1196 1404 1646 1666 1808 1826 1852 1980 2032
1564 1606 1710
547 1197 1793 2020
24 50 109 192 224 277 324 336 343 361 424 497 624 708 747 826 831 865 959 998 1023 1034 1074 1170 1196 1230 1288 1301 1324 1376 1500 1540 1605 1640 1690 1755 1757 1762 1826 2008 2016 2026 2045 2048 2081
434 2070
214 664 1544 1911
1110 1518 1707 2080
171 531 626 724 1188 1945
1290 1587 1893
307 734 1536
157 224 273 601 766 1297 1806 1923 1944
1141 1770
49 54 168 294 350 747 826 836 986 989 1049 1051 1062 1122 1305 1356 1394 1434 1513 1662 1780 1831 1889 1928 2045 2062
102 264 947 1129 1513
143 351 619 694 1554 1770 1890
169 476 491 2090
165 179 223 246 297 398 443 482 1068 1181 1198 1299
1122
155 364 871 1908
184 930
370
209 246 254 913 1143 1320 1400 1890 1944 2072
31 179 303 469 479 565 614 619 625 665 1110 1163 1309 1520 1551 1666 1707 1808 1892
24 32 165 203 234 362 505 557 593 610 680 685 734 764 838 886 896 971 989 1002 1006 1330 1536 1574 1619 1735 1853 1968 2016
1319 1745
351
1558
50 109 192 224 277 324 336 343 361 424 497 708 742 826 831 865 959 998 1023 1034 1074 1196 1230 1288 1301 1324 1376 1476 1540 1605 1640 1664 1690 1757 1826 2008 2016 2026 2081
1052
76 202 307 376 545 560 674 744 901 1154 1242 1306 1374 1409 1438 1546 1613 1643 1714 1735 1869 2042
729 1105
10 593 645 662 760 825 837 859 896 1287 1590 1734 1769
422
653
18 218 420 583 605 619 1027 1176 1404 1666 1808 1826 2032
1676
242 609 840 1955
19 689 841 1454
1871
534 2010
102 408 713 826 946 947 986 1197 1449 1485 1486 1889
1249 1801
530 2080
187 1274 1320 1837
291 668 861 1006 1145 1341 1352 1382 1709
31 213 242 246 281 300 402 438 464 619 664 860 871 936 1012 1021 1079 1089 1108 1110 1281 1309 1350 1363 1479 1544 1576 1577 1627 1707 1768 1807 1818 1857 1908 1942 1944 2007 2009 2059
45 85 601 1297 1404 1687
31 642 1110 1495
1029 1541
826 1010 1191 1637 1889 2019
175 1117 1122 1471 1968
179 972 2065
305 529 612 708 768 1031 1069
310
1955
1226
910 1041 1551 1645
634 703 935 962 967 1941
888
355 1959 2097
197 246 306 540 1660 1866
1329 1564 1710
214 305 1206 1544 1547 1812
24 32 96 165 330 557 575 593 610 760 798 896 1010 1118 1207 1436 1482 1496 1590 1880 1968 2016 2080 2103
58 80 93 120 137 165 190 223 270 386 397 550 569 668 850 880 944 982 987 1087 1175 1198 1290 1299 1378 1382 1666 1745 1824 1850 1871 1946 2060 2072 2097
614
95 388
16 50 277 343 708 826 865 1034 1196 1301 1324 1476 1500 1640 1690 1964 2008 2016
1029 1263 1521 1608 1978
165 1810
229 557 575 1118
104 126 179 214 253 274 305 334 421 447 573 603 614 644 647 673 698 735 760 777 801 887 918 952 1041 1100 1134 1165 1206 1222 1301 1323 1377 1478 1518 1535 1547 1654 1666 1686 1713 1793 1797 1812 1898 1969 2094
7 282 305 441 460 487 611 646 712 958 1013 1028 1031 1303 1569 1738 1817
1502
305 367 1206 1535 1544 1812
1759
1172
1989
130 176 258 260 334 526 573 619 673 735 777 910 1041 1131 1134 1222 1323 1431 1495 1529 1645 1795 1953
1405
1568
34 212 328 334 342 480 488 692 861 1004 1262 1385 1447 1487 1595 1785 1973 2053 2081 2102
1253 1845
1233
609 1427 1431 1463
32 394 619 1356 1499 1738 1890 1952 2083
445 2010
54 429 477 968 1889 2045
1784
1927
1196 1640 2081
694 1098 1128 1324 1474 1534 1594 1610 1710
328
167 294 397 429 747 1298 1344 1434 1807
1081
6 56 165 235 259 302 306 378 423 472 495 513 518 610 657 740 751 985 1031 1107 1291 1293 1310 1365 1378 1400 1443 1553 1623 1651 1720 1761 1770 1808 1810 1849 1940 1997 2083
1545
912
18 50 185 218 605 619 1027 1090 1176 1196 1404 1666 1808 1826 1980 2032
32 394 619 1356 1738 1890 1952 2083
279
558 1496
464
1518
31 664 913 1100 1518 1707 1768 1944
253 1291 2035
165 169 179 223 246 272 371 386 584 740 821 880 1025 1233 1812 2006
1850
153
247 269 314 408 1057 1122 1601 1755
747 957
49 1449
930
294 317 1024 1810
242 1337 1481 1601 1893 1976 2047
62 1801
1727
10 94 251 557 610 645 772 1006 1111 1151 1287 1436 1504 1536 1734 1745 1769 1968
368 470 993
18 1022 1027 1176 2032
57 294 460 1902 2097
279 595 682 870 871 1324 1326 1564 1610
16 1554 2053
188 248 398 802 1935
561 1353 1660
703 967
95 146 259 286 351 373 540 752 1008 1095 1196 1250
534
237 242 247 283 360 362 632 968 1290 1356 1363 1449 1582 1587 1857 1936 1958
587
1233
1245 1258 1356 1660 2096
50 277 343 708 826 865 868 886 1034 1301 1324 1476 1500 1640 2008 2016 2026
1474
1989
123 1541
402 1404
183 444 694 841 1236 1310 1564 1594 1731
1314
31 155 1110 1270
1263 1429 1502 1978 2109
990
133 1807
17 639 952
534 546 712 1738 1928
75 137 250 441 775 896 993 1046 1817 1850
9 32 49 701 757 1006 1496
372
197 1919
810 1411 1694
6 9 80 165 175 197 773 842 1055 1122 1127 1246 1404 1413 1568 1761 1810 1849 1977 2047 2083
1163 1278 1632
1127
385 2062 2072
1518 1707
1326
1164
172 1470
196
1624
2045
1405
557 2045
50 143 322 647 949
294 362 921 1010 1449 1522 2080
237 310 713 790 1101 1363
18 1027 1176 1646
50 109 192 224 277 324 336 343 361 424 481 497 624 683 708 826 831 865 959 998 1023 1034 1074 1170 1196 1230 1288 1301 1324 1376 1476 1500 1540 1563 1605 1664 1690 1753 1757 1762 1799 1826 2008 2016 2026 2048 2081
1014
1802
55 207 381 425 545 984 1159 1502 1693 1949
1063 1134 1404 2032
130 176 258 260 334 526 573 619 673 735 777 910 1041 1131 1134 1222 1323 1529 1551 1795 1953
18 50 185 218 420 605 619 858 864 1022 1027 1176 1196 1404 1473 1639 1666 1808 1826 1877 1980 2032 2089
1129 1968
19 689 841
1727
464
306 378 472 495 610 740 751 880 985 1031 1378 1400 1568 1808
1845
896
38 179 274 306 536 540 543 605 609 614 619 658 698 1362 1544 1666 1707 1866 1919
18 864 1022 1027 1176 2032
152 458
124 371 1810
2091
88 703 967
24 197 238 294 306 536 547 747 946 980 989 1122 1125 1305 1533 1597 1604 1678 1745 2045
32 394 619 1356 1738 1890 1952 2083
135 294 310 559 826 968 989 1062 1119 1305 1313 1356 1485 1780 1859 1889
2042
1500 1640 1826
1730
18 52 87 198 216 223 242 313 343 414 420 433 554 556 569 583 605 609 614 619 654 656 698 805 816 858 864 900 923 1016 1022 1040 1090 1160 1168 1232 1234 1277 1285 1360 1386 1402 1407 1421 1431 1473 1495 1507 1537 1544 1571 1646 1654 1677 1744 1808 1815 1821 1877 1963 2018 2032 2072 2077 2089 2108
519
1946
448 982 1291 2003 2006
1970
57 228 294 747 1197 1754 1780 1810 1918 2007 2025
393 829
111 118 343 456 597 605 801 1218
1927
2045
587 675 699 1508 1728
18 50 218 605 654 1027 1176 1404 1666 1808 1980 2032
1006 1660
1374
1103 1277 1807 1892
349 464 698 930 1167 1275 1447 1454 1731
81 214
641
375 697 1033 1182
1876
253 760 1165 1544 1765 1793
56 1180 1519
587 675 749 2029
1296
50 277 343 497 533 708 826 865 1034 1196 1230 1301 1324 1370 1374 1476 1500 1540 1640 2008 2016
1731
1249
1643
113 462 1327 1622
259 309 458 551 822 1022 1044 1080 1252 1310 1412 2031
165 605 764 1380 1413
867
227 1807 1970
32
931 1326
1127
155 227 393 1056
155 614 641 1750
2090
1801
328
31 214 242 274 300 402 438 464 605 614 664 665 860 871 873 936 1007 1012 1089 1281 1309 1350 1363 1479 1495 1518 1577 1627 1654 1719 1818 1857 1942 2007 2009 2059
82 201 840 1175 1290 1378
291 1303 1517
594 1329 1474 1534 1564 1767 1846
795 1062 2090
1159
594 1431 1544 1808
1502
552
464
242 521 634 1379
167
543 614 648 689 982 1206 1470 1707 1786
259 302 495 610 751 968 985 1310 1356 1365 1378 1568 1732 1808 1825
726 866 1103 1921
1417
65 1138
643 1731
1447
328
90 124 295 371 429 464 483 557 698 992 1312 1589 1649 1810 2013 2045 2097
1676
712 1123 1749 2073
50 143 302 342 540 594 609 652 689 714 870 960 1054 1098 1167 1203 1379 1406 1431 1665
332 462 464 484 566 667 698 841 930 935 1027 1081 1098 1167 1324 1447 1454 1466 1610 1681 1691 1724 1879 1912 1948
362 495 610 1006 1720
36 523 1113 1834
1504 1590
1496 1502
484 753
217 446
17 32 53 143 153 199 232 280 291 295 386 394 445 476 516 534 612 619 817 820 857 874 888 943 1028 1106 1166 1185 1303 1328 1341 1356 1444 1545 1558 1572 1617 1661 1747 1800 1827 1840 1890 1952 2041 2083
362
372
689
689 841
1432
18 218 605 654 1027 1176 1404 1666 1808 1826 1980 2032
24 246 251 386 389 717 747 772 837 1087 1119 1198 1319 1356 1382 1497 1537 1590 1660 1755 1825 1889 1936 2072
845 920
32 394 619 1221 1356 1444 1738 1890 1952 2083
24 989 1235
217 359 712 731 992 1031 1123 1729 2073
323 490 541 614 641 890 995 1018 1032 1105 1210 1466 1703 1764 1905 1975
294 818 1780
840 1295
441 1046 1640
253 285 1024 1671
142 556 747 751 809 1144 1185 1356 1395 1476 1582 1745 1825 1831
1159
50 277 343 708 826 1034 1301 1476 1500 1640 2008 2016
1898
70 758 1447 1548
18 1176
6 9 128 165 245 251 865 1087 1127 1274 1382 1568 1623 1810 1849 1913 2083
336 1476 1640
1127
1750 1795
1686 1797
850 1024 1830
1710
306 402 530 622 860 913 1089 1165 1301 1318 1518 1577 1944 2007
1504 1590
259 302 326 334 342 495 610 740 985 1141 1164 1310 1378 1447 1484 1487 1568 1808
1850
513
80 1378
2071
305 760 1206 1793
446
343 614 1226
56 138 150 224 371 601 1297
584 880
54 57 310 408 495 559 751 818 826 1062 1122 1197 1245 1449 1485 1662 1671 1751 1950
229 1382
522
460
266 557 710 748 1561 2045
263 566 856 1554
80 489 1206 1719
302 523 1167
911
75 137 206 441 500 775 896 970 993 1006 1046 1805 1817
614
1198 1334
1354 1816
126 214 219 253 305 367 447 603 760 952 1165 1206 1377 1475 1544 1686 1775 1797 1812 1898 2020
1950
619 735 1022 1041 1551 1645 1764
15 76 168 307 354 589 734 954 1099 1136 1205 1910 1958 2113
253 760 1165 1544 1765 1793
896 1020
277 653 1074 1640
32 394 619 1356 1738 1890 1952 2083
62 240 341 390 587 759 768 944 1060 1077 1085 1148 1158 1249 1392 1420 1453 1514 1588 1705 1828 1868 1887 1937
511 1642
972 1808
31 169 172 242 255 362 608 880 1290 1857 1936 2047
155 352 500 970 993 1036 1046 1067 1184 1789 1817 2072
1483
31 155 306 347 539 916 1143 1200 1404 1518 1566 1615 1680 1698 1857 1892 1970 2072
18 38 52 56 87 179 216 218 223 259 262 302 306 343 378 414 417 420 421 423 472 495 518 583 594 605 609 610 613 614 619 654 656 657 698 740 751 805 840 858 861 864 873 900 923 985 1016 1022 1027 1031 1040 1090 1107 1160 1163 1168 1232 1234 1285 1293 1310 1346 1360 1365 1378 1386 1400 1410 1421 1431 1443 1473 1495 1507 1568 1571 1646 1651 1666 1677 1713 1720 1744 1770 1803 1877 1940 1955 1997 2018 2032 2073 2077 2085 2089 2108
372
6 90 124 197 253 285 295 371 372 411 429 464 483 513 557 698 707 762 865 992 1024 1127 1291 1292 1312 1314 1413 1542 1568 1586 1623 1657 1671 1727 1761 1849 1967 1986 2028 2045 2083 2097
495 610
214 219 253 305 371 447 760 887 918 952 1165 1206 1535 1544 1547 1579 1793 1898 1969
882 930
125 639 1031 2002
18 1027 1176 1666 1980 2032
1792
154 206 236 408 409 428 441 487 500 902 958 970 1036 1046 1184 1545 1618 1789 1805 1844 1992
505 713 764 1007 1224 1350 1363 1518 1707 1854 1883
391 418 557 589 660 1192 1261
80 367 850
18 420 1027 1176 1666 1980 2032
155 246 464 1908
1955
68 80 196 277 394 450 574 873 877 944 982 1206 1378 1537 1850 1856 1908 2097
142 251 418 475 556 968 1006 1355 1356 1720 1745 1755 1958 2072
50 52 87 216 277 343 420 656 708 805 826 858 864 1022 1034 1040 1090 1160 1168 1196 1232 1285 1301 1324 1386 1421 1473 1476 1500 1507 1571 1640 1646 1664 1744 2008 2016 2032 2089
32 394 619 1356 1738 1890 1907 2083
1801
840
408 807 1766
1122 1485 1755
1379
769
1733
1437
170 411 1425 1932
246 983 1516
66 1137
1405
32 394 619 1356 1444 1738 1890 2083
333 397
935 967 1075
95 342 600 891
1817
312 452 581 620 681 745 1253 1427 1555 1652 1990 2064
351 384 1710 1865 1927
196
2083
6 119 129 165 169 197 253 316 513 769 780 792 872 896 915 1024 1108 1127 1253 1291 1383 1568 1623 1761 1810 1850 1913 2028 2047 2083
39 80 120 137 160 221 270 277 343 363 379 386 394 407 409 436 441 587 614 747 803 850 896 904 932 982 987 1036 1046 1067 1127 1206 1225 1238 1279 1286 1290 1303 1325 1378 1460 1537 1580 1618 1771 1824 1849 1866 1871 1993 2097 2100
716
143 351 1473
1496
1007 1818
1127
1824
31 104 187 209 242 253 300 362 464 664 860 913 1121 1289 1290 1301 1318 1400 1518 1601 1707 1804 1807 1908 1936 2045 2047
71
310 547 747 1662
1034 1089 1155 1984
474 515 985 1063
242 1470 1908
450 977
1031
1846
80 197 277 394 536 944 982 1206 1533 1654 1850 2097
291 1031
1801
1502
1298
114 120 343 614 803 1260 1277 1290 1299 1303 1340 1455 1511 1537 1850
408 1122 1305
586 1946
955 1365 1391
18 1027 1176 2032 2089
267 1159 1255 1685
18 50 218 396 420 433 554 605 619 864 900 1027 1176 1404 1646 1666 1808 1980 2032
58 211 513 664 1882 1977 2027
643 1731
1240 1536
259
246 513 664 1878 1977
427 438 1108 1350 1363 1818 2028
418 1437
350 696 875 1987 2094
614
768 1801
761
49 54 57 164 168 218 294 350 358 408 986 1010 1049 1062 1122 1434 1485 1513 1522 1560 1662 1745
31 32 53 143 153 155 187 199 209 232 254 274 280 281 306 320 351 385 393 394 464 476 516 591 619 664 695 715 817 820 857 860 874 888 913 943 985 1031 1100 1106 1166 1185 1245 1328 1356 1388 1400 1444 1487 1494 1558 1572 1661 1738 1747 1800 1827 1840 1920 1942 1952 1977 1987 2007 2062 2072 2083
2054
133 179 343 397 609 614 619 698 1495 1680 1807 1988 2037
543 569 850 1208 1481 1587
761
434
760
795 1062
214 253 760 1165 1206 1544 1758 1793 1812
619
1385
558 2045
58 80 850 855 982 1206 1593 1930 2097
196 628 770 1038 1422 1908
332
155 614 641 1750
225 982
1827
31 155 310 464 553 873 909 1110 1348 1358 1491 1518 1822 1824 1857 1862 1903 1944
641
15 76 168 244 307 354 734 939 1136 1205 1796
209 913 1034 1289 1301 1478 1942
461 464 698 930 1167 1454 1731
165 208 253 397 726 799 836 1103 1761 1849 1921 1970 2047 2083
574
223 1347
193 525 2058
38 402
1671 2008
197 306 1621 1654
143 1890
1721 1913
905 1127 1450
1483
339 804
1127
514
458 1095 1562 1674 1846
120 410 605 714 764 1049 1485 1617
1307
1902
229 1382
225 411 800 996 1233 1425 1445 1836 1981
1379
2007
188 241 731 908 1596
242 362 408 747 1049 1290 1356 1601 1745 1804 1857 2045 2047
974 1801
646 1971
179 223 246 443 742
306 378 472 482 495 610 740 751 1031 1378 1400 1450 1568 1808
50 388 634 666 689 703 926 935 962 964 967 1011 1042 1075 1100 1162 1164 1167 1310 1339 1530
977 1301 1518 1707 1890 1911
870
155 209 464 722 829 860 871 936 1241 1470 1483 1494 1518 1577 1768 1908 1977 2003 2006 2007 2076 2080 2107
531 1480
229 291 524 794 816 1065 1087 1303 1382 1444 1537 1668 1873 2060
256 1956
439 464 698 728 930 1167 1272 1454 1731
1643
57 168 408 1197 1780 1794 2082
493
23 32 394 476 619 817 888 1356 1558 1572 1661 1738 1747 1800 1890 2083
619 1041 1551 1645
2101
200 242 552 840 999 1229 1292 1509 1527 1808 1823 2078
259 1947
860
24 76 127 168 190 307 360 734 989 1194 1205 1356 1457 1601 1796 1825
357 448 755 1532 2097
247 1129
328
98 421 1185
18 420 1027 1176 1666 2032
925 1540
332 774 827 930 1454
1196 1451
124 1377 1810
32 203 234 247 314 593 610 764 896 1117 1496 1523 1536 1590 1647
305 1206 1544 1812
371 568 1103 1276 1335 1670 1698 1807 1913
154 646 1334 1938
841
334 634 661 1102 1554
2042
1750
38 653 1277 1587
63 364 402 513 579 609 664 842 871 1301 1400 1623 1878 1882 1890 1944 2007 2091
567 747 1541 1613 2109
586
52 87 216 246 313 414 420 471 554 583 705 864 900 923 1022 1027 1040 1160 1168 1232 1234 1285 1386 1421 1473 1571 1646 1677 1744 1815 1821 1877 2018 2032 2108
722 1233 1932
821 1076 1297
850
1089 1860
896
170 1810
696 1048 1885 1890 2009 2094
1892
468 930 1009 1411 1550 1607
179 218 312 1253 1427 1845 2059
372 1292
154 428 958 1382 1817
775 1850
2062
603 1003 1377
576
306 378 472 495 610 740 751 985 1031 1378 1400 1568 1808 2100
223
912
1346
806
17 305 1814
271 523 1402 1431 1669 1944
2036
837 1014
273 371 880 1025 1291 1376 1441 1579 1669 1944
5 31 57 155 285 306 402 598 985 1301 1396 1518 1671 1707 1768 1890 1934 1944 1977 2025 2072
50 103 109 224 277 336 343 361 424 571 679 683 708 826 831 865 998 1023 1034 1074 1196 1230 1288 1301 1324 1374 1376 1476 1500 1540 1605 1640 1690 1757 1826 1918 2016 2026 2081
31 1518 1707 1987
17 295 612 708 712 1031 1303 1512 1559
1183
587
992 1727
871
1310
32 50 109 192 224 277 324 336 343 361 424 497 557 593 624 708 826 831 865 959 998 1006 1023 1034 1074 1170 1172 1196 1230 1288 1301 1324 1376 1476 1496 1500 1536 1540 1605 1640 1690 1757 1826 2008 2026 2048 2081
2072
18 185 216 218 605 619 824 1027 1063 1176 1404 1666 1808 1980 2032
1191 1522
1475 1793
511
7 208 305 312
2042
18 216 1027 1176 2032
5 246 1671 2007
50 277 343 708 826 865 1034 1196 1301 1476 1500 1605 1640 2008 2016
58 1878
253 438 1291 1810 1849 1883 2047 2083
1688
556 1087 1382
259 671 1695
13 18 52 87 162 216 313 396 414 420 433 444 457 471 554 583 600 654 656 705 805 858 864 900 923 1016 1022 1027 1040 1090 1160 1168 1176 1232 1234 1269 1285 1386 1407 1421 1473 1507 1571 1592 1644 1646 1655 1666 1677 1744 1808 1815 1821 1826 1875 1877 1963 1980 2018 2024 2077 2089 2108
1344
703 894 967
475 850 982 1100 1356 1578
259 1365 2004
1892
614 633
81 214
892 1447 1454
1738
231 340 365 1114 1502 1663 1974 2023
704
834 1076
124 242 295 362 371 372 412 429 464 483 557 698 710 845 925 968 992 1091 1122 1144 1185 1292 1312 1354 1433 1476 1485 1560 1633 1635 1660 1675 1727 1784 1810 1857 1901 1936 2097
796 1076
242 253 362 513 1024 1253 1290 1587 1623 1804 1849 1857 1913 1936 2028
50 277 343 708 826 831 1034 1301 1476 1640 2016
286
204
1354
468
50 143 161 540 592 641 692 711 861 953 1041 1554 1595 2102
286 1891
861
557 1471
158 342 594
1916
664 1427 1518 1707 1990
1087 1537 1946 2072
169
385 514 605 619 714 826 1049 1059 1161 1318 1485 1626 1890 1994
210 1451
1253 1845
614 1524
366 594
1053
888 936
226
31 1477
982 1399 1431 1774
117 155 209 223 251 254 306 320 393 454 464 664 841 878 880 1012 1087 1089 1100 1108 1110 1121 1301 1400 1404 1494 1537 1626 1666 1745 1805 1807 1825 1890 2007 2017 2060
38 110 359 1123 1729 1749 1808
792 896 1127
1344
209 1944
18 619 1027 1176 1666 1808 2032
107 377 1423 1955
373 1095 1173
557 1006 1010 1479 1515 1536 1637 1944
50 159 277 343 708 826 1034 1196 1301 1324 1476 1500 1554 1563 1640 2008 2016
511 1950
23 32 53 153 165 199 232 245 280 394 476 516 619 817 820 857 865 874 888 943 1106 1166 1185 1274 1328 1356 1444 1558 1568 1572 1623 1661 1738 1747 1761 1800 1810 1827 1840 1848 1849 1890 1913 1952 2028
1052
218 343 818 1808
600
1347
337 703 967
13 18 50 185 218 420 600 605 619 1016 1027 1168 1176 1196 1285 1404 1646 1666 1808 1826 1875 2032
85 1488 1704 1711
283 358 513 782 1198 1371 1400 1449 1658 1977
698 1454
38 223 314 614 678 698 945 1236
38 350 561 875 1544 1885 1987
291 668 1303
80 274 842 1245 1258 1604
80 90 101 120 124 261 270 277 295 317 355 371 372 386 394 397 429 450 464 557 698 850 855 979 982 992 1007 1206 1281 1290 1292 1312 1378 1448 1532 1537 1593 1727 1810 1824 1850 1866 1902 1959 2045 2110
1163
873
905 979 1850 1997
849 1246 1954
1554 2053
1198 1536
1356
208
1347
1944
18 87 218 605 619 705 864 1027 1176 1404 1666 1808 1980 2032
1263 1613 1978
1399 1448 2097
310
847
1796
