643
224
77 106 194
19 78 84 88 120 123 174 191 196 205 208 263
159
23 32 49 59 144 190
22 32 40 41 59 110 120 150 151 167 193 224 237 253 255 299 415 463 547 552 629
15 40 52 60 83 84 91 245 257
40 65 155 199 224 255 570
22 23 36 46 169 176 194 196 199 208 247
46
22 46 64 65 133 155 196 252
120 176
22 49 128 140 169 197 209 223 238
22 46 200 263
7 46 52 54 55 65 85 99 113 120 130 148 208 224 245
47 63 65 145 151 152 167 168 173 180 196 253 255
22
118
3 64 65 74 84 88 115 120 150 173 176 182 185 196 210 211 242
150 217
25 47 49 76 140 200 211
6 9 11 13 14 17 25 28 30 32 40 46 47 49 50 51 54 57 59 62 63 64 65 71 76 85 93 95 104 110 115 116 117 120 122 129 133 140 145 150 151 152 154 157 161 167 168 169 177 182 186 188 190 193 199 200 211 216 219 221 222 223 224 232 233 236 237 241 253 254 263 265
5 9 30 31 32 40 59 62 63 65 71 93 95 133 146 151 154 155 165 167 169 190 200 208 222 224 226 232 237 253 255 263
33 154 178
21 22 28 49 54 57 64 76 84 91 105 115 117 120 124 139 151 154 158 161 164 204 229 232 250
74 88
67
22 25 76 177
60 74 84 88 123
22 23 40 63 84 154 155 168 169 182 188 193 199 224
23 32 40 46 61 133 219
5 6 22 23 31 40 46 47 49 52 57 63 64 65 71 85 110 113 115 120 121 124 133 150 151 152 153 155 157 159 165 167 168 173 177 178 190 193 196 211 224 232 236 247 250 253 254 255 263
24 47 120 178 214
43 46 115 200
49
9 46 176 205 224 506
171
70 149 222
44 49 140 161 183 184 302
6 7 8 22 23 30 31 32 46 54 59 62 65 105 110 120 124 150 151 155 165 167 168 169 186 190 193 199 211 218 224 237 253 255
6 163 358 410 415 422 463 490 501 516 552 617 629 638
274
34 46
39 57 76 249
118 150
9 10 11 14 15 22 31 32 34 36 40 43 59 63 64 65 90 91 93 107 115 118 120 126 133 151 153 154 155 164 165 167 168 169 182 186 190 193 200 202 208 216 224 225 233 246 253 263
16 21 22 32 33 62 71 111 124 125 133 151 152 159 166 168 177 190 193 213 233 237 255 358 415 422 490 516 552 599
186
5 13 21 22 25 32 35 39 51 56 57 59 63 70 76 98 104 110 115 122 140 145 167 168 177 188 216 220 223 224 232 263
22 63 153 189 197 211
22 49
7 15 32 54 115 162 263
82 100 170 173
15 22 25 40 52 61 81 101 120 121 133 145 150 155 156 160 174 185 200 224 229 570
15 92 150 173 230 245 257
49 221
22 25 32 44 49 63 76 115 157 161 168 198 224 236 255
171
5 6 22 23 40 46 49 62 63 65 68 93 110 115 117 120 124 138 140 141 150 151 167 168 174 182 186 190 193 198 200 204 211 219 224 232 233 237 247 253 255 263
7 29 74 84 88 123 159 263
31 54
22 23 40 47 59 124 151 229 516 630
16 22 23 30 32 46 49 50 57 59 75 93 105 115 124 131 133 151 152 165 167 168 169 182 183 186 193 200 224 232 233 247 253 257 263
11 19 22 25 32 46 65 74 84 92 123 147 155 165 171 174 195 196 202 227 636
8 11 15 16 19 22 23 32 40 46 59 64 115 120 121 126 150 151 155 159 167 168 169 174 176 193 196 200 202 208 211 224 237 242 245 253 263
391
27 128 140 167 259
59 115 150 167
70 125
38 49 69 115 125 140 142 149 174 177 222 232 254
22 23 32 47 133 151 155 159 169 182 218 233
200 256
150
19 26 29 60 64 76 84 88 123 165 182 196 208
63 86
21 22 25 28 44 49 57 74 140 161 167 232
2 103 208
3 132 174 200 235
102
173 196 234 268 367 413 553 638
54
53 150
7 92 120 170 201 263
3 7 19 25 29 30 60 64 74 88 123 208
15 22 32 120 147 193 210 225
75
115
3 19 26 29 60 74 84 120 182 196 202
211
46
7 25 46 115
55 64 83 115
22 23 46 59 63 110 115 118 124 224 232
141
22 23 125 129 255 265
97
96 230
49 216
15
53
54 196
79 196
77
22 49 155 253
25 40 63 133 200 252
2 137 370
46 193
150 205
140
6 22 32 40 49 59 93 115 138 155 190 211 224 237 253 263
47
115
15 32 263
120 176 195 370
19 22 25 32 34 46 49 52 57 59 63 65 68 70 87 91 92 93 110 112 121 128 139 140 145 150 151 157 165 167 169 172 182 190 193 196 198 210 224 232 236 237 243 253 263
22 229
22 25 59 154 168 263
18 45 46 93 126 196 210 258
215
3 6 12 15 19 22 25 32 33 40 46 54 59 65 83 85 88 114 126 133 150 165 174 176 193 196 208 211 212 237 242 263
32 54 65 115 126 154 165 182 232
22 49
3 29 60 64 74 84
25 32 40 47 59 62 63 93 133 151 152 159 182 193 200 224 229 233 255 265 299 376 415 422 630
47 69 70 95 265
46 65 118 120 121 143 150 165 174 176 196 197 200
128
13 67 115 127 140 167 168
22 95
15
63
78 240
11 22 23 31 32 46 47 54 63 71 105 120 124 138 151 154 156 159 167 169 182 190 193 196 197 199 200 224 232
258
234
256 258
106
59 110 133 163 211 222 223 259
25 115
13 21 22 39 49 59 67 70 76 109 115 128 141 145 157 161 167 204 220 232 237 263
59 94 140 193 200 211 232 260
70
126
5
16 22 49 54 115 140 177 255
23
64 85
15
38 70 222 255
6 19 20 22 32 40 45 54 55 59 65 68 73 82 108 115 120 126 161 170 184 201 210 217 231 237 262 263 264 292
6 16 22 23 25 32 40 46 47 59 62 63 65 71 115 124 133 152 177 190 208 211 224 233 237 253 255 263
16 22 32 47 63 124 151 237
32 46 50 182 216 219 224
22 23 24 25 30 46 117 121 133 168 188 193 199 200 224
8 11 23 30 32 40 46 54 64 65 71 104 110 168 169 173 182 185 196 199 202 211 224 233 250 636
54 133 159 211
22 32 57 115 140 224 236
25
4 32 47 60 65 71 124 133 156 196 255 463 591
54 164
22 25 39 57 76 140 150 165 175 177 236 253 255 503
52
41 138 255 415 638
25 46 160 176 196 211
23 32 40 46 63 64 74 115 120 121 126 161 167 190 193 194 211 224 232 255
47 255 358 376 415 422 490 501 629 630 637
6 16 22 23 32 40 46 49 59 63 65 67 68 76 115 128 133 140 165 182 211 214 224 232 236 245 247 253 263 506
16 22 30 32 40 46 47 49 57 59 63 65 117 128 154 155 177 193 211 223 224 233 236 237 253 255 265
9 13 22 23 30 40 46 63 65 71 115 133 155 182 186 193 196 197 199 224 233 263
53 83 150
37 58 64 196
115 192
16 19 32 53 55 80 155 196 246 248
3 54 59 64 65 70 78 120 126 193 206 232 247 263
161 239 251 379
9 12 19 36 65 114 120 126 164 188 208 212 242 257 263
22 28 32 47 49 70 145 151 161 168 223 254 255 265 415 475
24 32 33 214
413 415 422 490 548 613
16 196
189
19 22 30 46 59 63 71 74 88 115 121 124 133 153 155 167 169 196 203 211 224 232 237 263
39 63
39 150 196 211 302 304 636
19 54 155 186 224
22 40 46 48 59 63 169 185 187 224
186
22 30 49 154 176 195 224 253
50 181
5 22 23 32 40 46 47 59 110 115 133 151 165 224 233 237 253 254 255 263 613
3
172 244 321 455
6 22 30 32 40 46 47 59 63 65 85 107 115 120 124 133 141 154 165 168 169 174 199 200 224 237 253 263
2 9 165 205
64 114 188
3 9 11 16 19 32 64 65 74 80 88 101 102 115 118 120 126 133 155 159 164 169 171 173 180 182 184 210 211 242 258 263 530
13 50 126 133 169 219
57 59 115 263
8 9 22 30 40 133 154 155 169 193 224 233 263
14 21 22 23 34 46 54 59 63 65 72 78 105 124 126 133 141 154 193 201 211 245 263
83 150 200
46 64 65 88 155
182
25 59 140 223 232
3 36 108 194 506
174 407
274 439
3 9 15 23 46 65 74 77 84 120 151 176 212 214 224 227
13
19 85 115 118 150 196
19 21 22 32 40 50 59 65 89 110 120 138 141 151 155 156 164 165 167 168 182 184 196 200 224 237 255 263 279 308 373 415
120 176 208
47
33 167 178 208
119 258
22 46 49 98 153 224
20 150
40 71
22 31 59 153 197
49 140
22 56
22 23 38 70 138 149 238 255
13 22 49 138 168 177 204 228 237 255 299 332 415 629
1 6 8 15 22 23 30 32 36 40 46 49 54 57 59 63 65 93 110 115 124 133 151 153 154 155 157 165 167 168 169 182 185 186 188 190 193 199 208 211 216 233 236 237 243 253 255 263
46 85
23
64 208
223 255
25 54 62 116 124
55 97 257
150
22 23 25 32 49 59 63 70 76 93 115 121 133 140 141 165 167 174 182 204 253 254
22 46 47 59 63 71 124 151 155 168 169 190 199 224 422
80 135
78
22 32 57 115 157 161 167 168 224 241
6 22 23 40 47 59 65 110 115 120 140 150 151 152 168 182 190 193 211 223 224 253 263 299
13 222 255
175 507
132
22 236
19 65 120 176 196
115 224 263
192
7 15 55 65 167 200
46 173
9 32 59 63 167 174
173
44
25 32 155
175
11 105
6 16 22 23 32 40 46 59 63 65 104 110 115 151 161 167 168 188 190 193 224 232 237 263
22 32 70 177 190 232 255 265
6 8 16 23 32 40 47 57 59 95 124 145 149 151 159 161 163 165 166 168 177 190 211 222 223 224 228 238 254 263 265 358 415 422 490 516 580 630
72 136 258
7 55 63 176 230
118 134 136 196 215 256
67 138 380 415
141
299
150
3 14 22 23 32 46 49 52 59 60 63 65 83 110 113 115 117 120 140 150 151 167 169 174 176 182 190 193 196 198 199 200 211 224 237 243 253 255 415 629
150
22 95 124 125 168 177 254 255
272 274 275 302 332 352 365 375 410 413 415 420 432 464 471 478 508 520 526 537 553 562 566 583 600 607 637 638
275 391 407
80 413 473 537 561
306 508 639
318
349 419 533 547 629
266 384 418 474 554 579
304 318 368 597
42 207 266 318 338 458 479 485 531 536 562 565 570 600 622 629
266 267 277 278 295 311 314 318 324 344 352 368 369 375 421 427 443 454 462 465 484 489 498 543 553 560 565 572 574 576 582 592 594 606 619 633 643
318
275 279 310 349 479
275 318 383 391 407 416 495 582 595 610
211 277 308 318 319 348 349 367 406 413 437 553 588 621
375 415 516 630
318
303 547
285 314 318 366 391 393 452
335 591
283 318 356 391 407 423 473 480 491 493 541 550 576 589 626
391
638
318 391 638
318 397 439 627
318
614
150
629
335 439
275 391
391
370 439 479 507 616
365 439 459 462
6 124 223 237 261 308 415 422 501 507 531 552 627 629
561 568
398 494 626
39 184 266 415 474 500
282 308 378 410 422 436 463 513 524 547 552 580 612 629 637
184 273 318
318
269 508
521 629
211 279 299 303 349 373 383 415 471 474 501 516 549 629
327 357 410 415 439 531 617 639
277 591
275 356 439 578
318
383 439
275 283 318 383 391 397 454 480 495 576
340 345 383 391 404 507 642
391
318
270 273 274 275 276 278 279 281 283 285 288 289 290 304 305 312 314 317 319 320 326 327 328 330 331 334 337 341 342 344 346 352 357 359 360 361 362 366 368 374 375 379 381 382 383 384 387 388 389 394 395 396 400 403 406 426 427 428 429 431 433 434 435 439 440 442 443 444 446 448 450 451 452 453 454 456 457 460 461 462 465 466 467 468 470 473 476 478 481 483 485 487 488 489 491 492 494 495 496 497 498 502 504 505 507 508 509 511 521 523 528 529 534 537 538 539 540 543 550 551 553 554 556 558 559 561 563 564 565 566 568 570 571 573 574 575 581 582 584 587 593 594 595 597 600 601 602 605 606 607 608 610 611 614 618 619 620 627 631 632 633 639 640 641 643
279 318 345 349 359 368 375 410 415 431 463 487 490 632
318 383 439 616
192
444
592
275 335 391 407 410
383
318 423
309 318 386 410 415 439 464 513 629
318 375 379 383 420 468 476 497 507 531 550 565 627
407
318 423
318 410 415 490
223 266 415 464 473 638
570
318
284 294 324 345 362 364 370 385 407 417 419 445 468 469 494 501 513 529 546 571 612 629 637 638
391 407
318 383 410 578
274 508 531
391 397 438 530
315 351 383 391 417 474 603
318 391 395 445 464
318
391 407 480 638
275 318 391 397 439 479 595
315 319 335 383 391
318
507
279
271 277 279 308 319 415 479 490 547 637
639
340 356 367 368 473 561 582
266 275 318 391 473
407 410 439 444 530 572
559
413
285 311 351 368 383 407 480
309 318 375 383 384 410 415 437 474 507
41 47 166 255 376 410 415 422 490 501 547 629 630
318 319 512
318 410 630
318
318 335 419 591
530
335 391 407 639
266 298 419 599
283 318 391
80 279 351 439 473 561
273 275 318 319 351 356 391 407
275 407 457
106 114 297 335 385 416 436 439 444 474 479 529 552 616
407
558
211 308 415 490
318 451
266 275 280 318 319 328 357 391 416 439 473 490 495 565
124 166 358 415 422 552 613 629 630 638
570
303 415 479
175 318 328 410 476 495 508 566 627
259 490 629 638
318 479
318
278 308 313 314 315 318 320 325 328 337 340 345 356 357 384 386 404 410 411 437 439 450 467 478 487 497 499 507 514 516 517 531 532 535 565 566 569 570 574 578 595 597 608 611 624 638
272 318 357 383 391 439 474 500 553 578
335 370 612
327 383 410 415 513 516 612
318 391 611
318
318 547 629
391
66 267 278 283 285 286 288 295 296 314 315 316 324 336 339 340 341 343 344 345 352 364 366 368 375 384 387 390 395 400 404 406 408 412 416 424 430 433 435 439 441 442 443 444 449 450 451 462 466 478 479 486 491 494 495 499 502 504 512 528 532 534 540 542 545 548 550 551 559 561 565 567 569 576 583 584 594 606 610 618 619 623 633 634 635 642 643
413 568
283 642
318
318 341 391
318 439 586
289 314 339 344 565
301 410 482
415
318 391
445
561 638
318
315 383 391
479 582
279 318 391
206 267 278 285 324 329 335 336 343 353 356 364 368 369 371 421 423 435 468 476 480 486 491 494 514 529 550 556 594 596 643
391 479
415 423 479 501 549 552 629
41 266 303 309 319 324 327 331 337 353 357 358 360 379 383 386 398 415 439 441 445 464 467 469 487 490 492 500 501 508 513 516 526 527 531 547 562 566 578 580 608 629 639
383
391 415 479
80 179 266 268 279 355 392 439 464 473 482 490 526 553 621 638
447 469 639
6 41 47 124 163 166 177 179 211 223 255 259 263 266 280 299 302 308 309 319 327 331 332 349 357 358 373 376 378 386 399 409 410 412 419 422 439 463 464 469 471 475 479 500 501 513 516 531 547 552 557 612 617 629 630 637
278 370 375 391 417 473 507
335 340 416 431 473 553 597 605
272 476 589
271 335 362 365 415 445 469 547 612 617 629 637
266 328
275 407
41 47 124 166 179 233 255 299 303 358 376 415 490 501 507 516 552 613 629 630
285 326 330 407 409 468 593 620
391
445
318
275 318
318 597
318
391
318 319 417 473 490 507 570 638
266
318 391
318
318 391 407 476 500
303 370
279 357 383 439 471 490 497 553 621 638
339
207 289 294 297 298 309 311 313 318 320 327 344 353 367 370 375 383 384 391 396 410 413 415 437 459 462 464 471 479 492 508 512 547 549 562 566 570 574 578 586 595 615 616 627 629 634 638 639
318
391 410 479 595 637
318 391 595
275 318 391
318 322 353 370 391 500 545
335 341 401 410 419 425 479 501 513 525 612 617
318 497
414
318
391
318 383 391
318 374 391 457 480
283 318
318
275 314 318 465 495
192
318 476 608
318 369 451 466 514 554 555 561
274
298 439 462
318 473 572
318
275 298 318 391 439 459 473 474 621
6 41 159 303 319 415 500 501 547 613 629
266 327 332 341 410 413 415 439 473 475 513 523 547 604 621 638 639
275 318 454 582
318 391 457
318 383 410 609 625
318 328 335 407 423 476 632
335 410 414 415 419
318 543
266 308 415 437 439 638
595
268 285 318 332 351 352 367 375 413 416 417 431 460 462 464 490 495 553 556 561 603 621 638
272 302 308 340 357 370 384 462 530 582 611 615 638
177 415 464 630
318 328 379 407 418 435 456 468 495 500 507 510 512 550 566 627
579
266 318 383 391
274 277 297 344 349 370 378 381 391 405 408 409 412 415 439 441 445 482 495 501 548 552 590 607 629
285 314 343 356 407 451
318
398 413 479
318
275 537 553
274 318
391 407
318 319 383 410 512
318
275 318
41 47 166 179 255 319 331 349 358 373 375 380 410 413 422 431 437 473 501 507 516 531 565 570 580 586 591 629 637 638
285 318 391 407
318 410 439
285
301 318 335 391 407
278 314 318 375 379 391 454 473 476 479 496 566 595 600
318 495 501 508 627 638
318 328 383 437 446
275 318
383 391 512 595
302 384 410 415 435 444 463 476 501 508 525 585 612 628 638
41 166 299 308 335 358 409 410 415 422 445 463 479 490 496 500 516 531 552 580 599 612 627 629 630
318 391
161
318 391
318 550 614
36 167 205
239 297 299 315 318 328 347 357 383 416 422 431 476 490 514 516 559 580 591 605 611 629 638
266 269 306 318 338 379 410 439 496 500 513 577 627
318 598 634
476
318
359 391 439 476 487 499 545
303 327 335 386 410 415 445 464 508 527 547 612
383 407 457 507 523 530 559 597 638
549
41 47 62 255 280 308 383 386 410 415 422 490 501 507 570 580 629 630 638
383
592
570
266
307 318
553
318 464 514 549
303 552
445 500
266 410 413
410 513
318 391
318 335 370 407 597
196 339 353 363 474 514
274 299 309 328 338 383 410 415 490 501 549 580 627
383 391
271
318 391
383
274 544
266 268 318 484 553 561
318
318
318 391
285
391
275 318 470
536
391 444 512
335
6 271 282 303 349 358 389 410 415 419 439 463 464 513 580 629
179 391 479
308 409 439 515 523 531
285 318 328 391 407 476 505
318 391
6 41 47 299 303 370 376 409 415 422 479 501 524 613 629 637 638
80 266 275 279 318 384 413 417 437 473 484 522 537 561 597 621 638
272 318 457
457
318 407 473 638
415
318 372
318 354 391 507 514 627
275
268 300 318 351 367 391 402 457 473 537 553
266 274 410 439 600
318
318
274 275 318 328 375 383 391 397 490 597 638
266 318 379 383 410 439 476 495
391
300 318 392
383 391
8 54 274 318 333 377 383 431 439 490 516 519 599 630
318 335 634
275 353 460 592
318
275 318 383 439 616
318
275 285 314 391
508 627
311 337 383 384 410 439
272 477
255 303 410 490 501 507 516 531 547
318
275 278 318 351 405 465 474 588 600
266 391
318 391
500 625
396 439 490 638
318
279 582
285 418
479
159 284 310 362 490 507 637
275 323 518 572
318 423
275 318 391 407
278 318 344 383 439 441 442 472 495 499 626
407
273 318 383 417 428 514 529 553 565 605
509
47 365 501 570 630
266 274 318 495 562 582
318
318
340 473
464
318 417 507 597 620
275 318 391
266 318 479
318 383 410 456
467 625
278 318 391
318 383 387 474 507 638
303 335 385 386 415 419 445 500 501 513 613 629
179 190 376 422 463 552 612
291 318 505 638
439 474 638
297 320 370 439 574
41 309 415 419 445
318 391 638
275 318 391
318 423 605
279 413 437 462 464 473 553 638
274
391
383
467 585 609
285 301 595
289 299 318 328 379 439 476 496 501 508 531 559 577 638
500 638
6 41 166 223 263 271 274 293 299 303 307 308 327 335 358 376 380 389 409 410 415 419 422 439 463 479 490 501 507 516 547 552 612
62 124 166 255 280 358 360 376 415 422 475 501 516 570 599
318
318 319 468
275 318 391
391 439 509 571
391
64 155 184
166 266 303 335 349 415 419 441 490 552 591
41 80 163 266 287 288 332 335 343 376 380 383 402 413 431 437 439 464 471 473 474 490 496 500 507 514 516 552 553 556 565 586 611 614 615 618 621 627 628
269 309 318 350 364 410 414 439 464
318
318
315 391 393
275 318 391 407
